lagtime	RRD_p|all	se_p|all
0.666666666666667	0.0442125679578463	0.00845368477894744
2	0.0498433681045607	0.0067266984362461
4	0.0219690939264811	0.0077370073168879
6	0.0202812701938285	0.00811405225571818
8	0.0161134682375322	0.0083604015809896
10	0.0087353328727355	0.00858728601829698
12	0.00929312757595797	0.00877582586064276
14	0.00811973838657235	0.00893558158050137
16	0.00633665307578688	0.00913287988713935
18	0.00495627510714447	0.00933481580290589
20	0.00289448624408033	0.00951511264241124
