lagtime	RRD_P1|all	se_P1|all
3.33333333333333	0.00224197112865447	0.000261028263580659
10	0.00447295072073401	0.000199259052961794
20	0.00608465228821547	0.000256854905675979
30	0.00601882759335053	0.000288573301227776
40	0.00568738609044365	0.000296491551451245
50	0.00496852089301694	0.000285431267922811
60	0.00422001623355683	0.00027195095953419
70	0.00353447254684859	0.000254879117559515
80	0.00299491995931062	0.000242741252265501
90	0.00275317999150607	0.000234363015883267
100	0.00247292037699741	0.000236129075879829
110	0.0022233850540141	0.000233811497971979
120	0.00201444397512558	0.000239122993617583
130	0.0019316456897295	0.000234357101226927
140	0.0016239395348372	0.000228706837322326
150	0.00135838507312076	0.000230876423470286
160	0.00114930759307336	0.000232443188767761
170	0.00134057709329478	0.000239235658669719
180	0.00134209213228689	0.000251586683419041
190	0.00129861917866481	0.000247724260835896
200	0.00112475646523423	0.000237195017629095
