lagtime	RRD_p|all	se_p|all
3.33333333333333	0.00213704451965991	0.000590948776126286
10	0.0079425572467043	0.000425482242571752
20	0.00828955204785765	0.000479307196752532
30	0.00773080148849119	0.000495601217083579
40	0.00626154435467147	0.000502050956641799
50	0.00502114814094798	0.000490401477037254
60	0.00420959346417797	0.000477094352621086
70	0.00385195770822076	0.000471587895025429
80	0.00328570138335834	0.000470111436512505
90	0.00278212090685395	0.000463637204653716
100	0.00238738495132251	0.000460627808760184
110	0.00197657908897436	0.000457837599890818
120	0.00187499141121245	0.000463093095840273
130	0.00150134858730713	0.00049027505798864
140	0.00093661902222045	0.000497770503040845
150	0.00037455630329577	0.000474107844490716
160	0.000364817129381516	0.000465360939254756
170	0.00082254100533052	0.000455308323690465
180	0.000947968581325462	0.000451233481337667
190	0.000608154664811794	0.000446709241490204
200	0.000773073157190538	0.000451876801041732
