lagtime	RRD_p|all	se_p|all
3.33333333333333	0.00224236234643773	0.00024621647106215
10	0.00453843212125664	0.000190540285017436
20	0.00625518274612701	0.000245109222076643
30	0.00624939896692053	0.000274696303131073
40	0.00597717980923477	0.000283167177074176
50	0.00523907475412628	0.000275608710908945
60	0.00446348700027484	0.000261835455820985
70	0.00370711348632865	0.000248152162229921
80	0.00315130987973232	0.00023348696164475
90	0.00286330450609096	0.000223626874517694
100	0.0025363297064288	0.000226990260323996
110	0.00226345598484337	0.000229627189976934
120	0.00198887010780506	0.000235579559067278
130	0.00192462916796823	0.000230958388250794
140	0.00168306059725597	0.00022138941263005
150	0.00144383258402559	0.000213908362480832
160	0.00123309306751576	0.000212963334934656
170	0.00144048512139735	0.000218754844546531
180	0.00143787711698647	0.000222492123210707
190	0.00135304635142099	0.000225648065075232
200	0.00116935015652417	0.000223853710993423
