lagtime	RRD_p|all	se_p|all
3.33333333333333	0.00158502705018488	0.00034083761632665
10	0.00569343038057811	0.000255019358248694
20	0.00760003992290426	0.000298441713916743
30	0.00660056570682891	0.000318290842499963
40	0.00563826781797463	0.000325669453758545
50	0.00464100952022698	0.000327244458941532
60	0.00394046095618063	0.000322577745011444
70	0.00324299505814423	0.000315272831999549
80	0.00295177615683647	0.000312057324907584
90	0.00256939163648639	0.000310423061929163
100	0.00243692031358561	0.000312098982394387
110	0.00243740489142155	0.000315059479671965
120	0.00200178721106706	0.000318883150310923
130	0.00171117449668034	0.000314657070157837
140	0.00128525023871234	0.000306346082250586
150	0.00125674397382431	0.000300591684718355
160	0.00140258225911925	0.000301111615311697
170	0.00142423875945599	0.000301851122770822
180	0.00141345008310903	0.000302567611654233
190	0.00116742092820328	0.000302647327110694
200	0.000798838034328615	0.000300592970502228
