lagtime	RRD_p|lagQ0-0.0336	RRD_p|lagQ0.0336-0.0989	RRD_p|lagQ0.0989-0.161	RRD_p|lagQ0.161-1.08	se_p|lagQ0-0.0336	se_p|lagQ0.0336-0.0989	se_p|lagQ0.0989-0.161	se_p|lagQ0.161-1.08
3.33333333333333	0.000277285347476614	0.00216114367578133	0.00516814799288696	0.00719418415853418	0.000382018888408654	0.000289497428201268	0.000736189788156013	0.00104759846353029
10	0.00204453742533629	0.00639237772026741	0.0129054985189205	0.014220757907299	0.000279506984488571	0.000205894138536262	0.00048502554601264	0.000654329308262923
20	0.00287334700339497	0.00745772995075436	0.0138784651781558	0.0135182983409842	0.000318685012259927	0.000234873983201266	0.000542984284085757	0.000659571712449097
30	0.00263650694270639	0.00636894615573429	0.0109263849637153	0.0126125488601874	0.000336155425688409	0.000244045129765619	0.000574166819024357	0.00065038513123061
40	0.00195411631336701	0.00534638824075087	0.00779364115822383	0.00795281790013085	0.00033842903942071	0.000248546416483643	0.000588933336380818	0.000641258948798857
50	0.00132663190865932	0.00430391531941925	0.00615300086521265	0.00459434746080909	0.000335000649581262	0.000251060836359687	0.000594019137745444	0.000619893959653486
60	0.000819297486200418	0.00341832628277345	0.0048545597369596	0.00428475019190473	0.000331389233177277	0.000251611894962732	0.000590404803081788	0.000594928715747881
70	0.000543527135653191	0.00276023434402401	0.00395272001004077	0.00333659742121766	0.000330057709754185	0.000251910188492213	0.000581724474992157	0.000581659450890527
80	0.000682507968839914	0.00247784188071981	0.00342267197207782	0.0030872795285742	0.000325068710165165	0.000251005297345236	0.000562228883871404	0.000579587449660228
90	0.000559556198809359	0.00216155343639239	0.00320981757692715	0.00367343381704083	0.000320519982460515	0.000251364029136439	0.000548853666059426	0.00057747861425029
100	0.000448228820873344	0.00176288369215367	0.00229253402188148	0.00477888392028763	0.000319151589129529	0.000251712646035664	0.000539206045036043	0.00057426945594889
110	0.000357927358006685	0.00148295805775712	0.00168657737077462	0.00307632314474135	0.000319732734236665	0.000250886576261724	0.000528739914828785	0.000573321410905204
120	0.000253609378895546	0.00127588710929815	0.0016728964360828	0.00299863009437885	0.00032096091554742	0.000248686471743871	0.00052319045865686	0.000570823556709667
