lagtime	RRD_p|lagQ0-0.0336	RRD_p|lagQ0.0336-0.0989	RRD_p|lagQ0.0989-0.161	RRD_p|lagQ0.161-1.08	se_p|lagQ0-0.0336	se_p|lagQ0.0336-0.0989	se_p|lagQ0.0989-0.161	se_p|lagQ0.161-1.08
3.33333333333333	0.000161603160137302	0.00271987264885018	0.00355192725174958	0.00314752555031649	0.000761016048590613	0.000302523122859977	0.00122760927092651	0.00297524674603877
10	0.00226968095756569	0.00502076728979155	0.00905608461683547	0.00981941400384394	0.000633716304195997	0.000243328188567746	0.00103534876545642	0.00231261619863033
20	0.00429286379363628	0.00635595261441612	0.0122535183995371	0.00890674759152219	0.000807260637002155	0.000303635263900153	0.0012006063286736	0.00273260675642354
30	0.00411114577451825	0.00605561880153902	0.0120853107484659	0.00651620386970554	0.000907326450224594	0.00034418330738593	0.00121762577303576	0.00284250302521737
40	0.00338213783609872	0.00518355559220503	0.00948151233268091	0.00473295886799691	0.000949608180356318	0.00037151647058228	0.00121609854007899	0.00290139460506048
50	0.00289064391992199	0.00471030420028073	0.00730836202807322	0.00215449930429675	0.000928297598485414	0.000397434999992973	0.00119734603088073	0.00291668550100421
60	0.00237458745108963	0.00411620977054196	0.00604522529546462	0.00269722020075697	0.000881178412873131	0.000401915736279636	0.00114316721085189	0.00294647953801154
70	0.00230516760086092	0.0033889204862488	0.00509790129043143	0.00527511062650198	0.000847803550293606	0.000400513706894079	0.00110571167223419	0.00378722802352734
80	0.0024336932336199	0.00300993092824811	0.00428581831024684	0.00682015458332273	0.000800207118996869	0.000398069893439108	0.00108843006416436	0.00434357842796529
90	0.00221398105988586	0.00261403098852562	0.00375205959797946	0.00508609386986957	0.000765164223828855	0.00040125099475349	0.0010664894833029	0.00455700414696995
100	0.00153706480709933	0.00204785643573112	0.00306779468527106	0.00351135114013838	0.000754547325006263	0.00041176217223365	0.00104825251792543	0.00455307264011135
110	0.00124344284304219	0.00157718057855842	0.00258534306379825	0.00340144864189611	0.000779322488816835	0.000419787454192824	0.00101366352599872	0.00413208655465751
120	0.000491010620640138	0.00128002552811947	0.00184018124959668	0.0040508283154229	0.000823228516384729	0.000425272460787005	0.000981410497284143	0.00361028064599111
