lagtime	RRD_p|lagQ0-0.0336	RRD_p|lagQ0.0336-0.0989	RRD_p|lagQ0.0989-0.161	RRD_p|lagQ0.161-1.08	se_p|lagQ0-0.0336	se_p|lagQ0.0336-0.0989	se_p|lagQ0.0989-0.161	se_p|lagQ0.161-1.08
3.33333333333333	0.000795537818764112	0.00290312070547652	0.00315331448252065	0.0027402487111484	0.000799665548429695	0.000957968715280545	0.00180925491843476	0.00189637029795075
10	0.00310459416297462	0.0090989446002893	0.0140899312971985	0.0143088467136005	0.000570815979146207	0.000617875316250124	0.000969770535173461	0.000991385168032192
20	0.00253672252339067	0.00971710148430128	0.0139391020192465	0.0168229466080794	0.000607260021536449	0.000721564835939492	0.00101747344736116	0.000971239845061507
30	0.00186919545346585	0.00850145888441645	0.00950159402603446	0.0147503437732403	0.000610470374228301	0.000748151805042502	0.0010574883792344	0.00101248793407961
40	0.00111436778909014	0.00747549612183253	0.00742692263164215	0.00780714432253902	0.000625281098786123	0.000779483418064507	0.00109855252640166	0.000935910401652188
50	0.000697518305522959	0.00608209613941302	0.00588257161546331	0.00470473802373896	0.000632600474315456	0.000793097296558207	0.00112517142215434	0.000932616672863052
60	0.000639475632169613	0.00492040681163883	0.00533919354085362	0.00512708544853322	0.000633581842400582	0.000790003455558001	0.00114020334203073	0.000920881997771196
70	0.000637982566635353	0.00402807280207317	0.00467698436179319	0.00466128105258148	0.000638419033773635	0.000807415232248855	0.00109916018435317	0.000919714683033676
80	0.000423299550117399	0.00347951674300722	0.00386683214156729	0.00323707111195857	0.000644173697855609	0.000828201907343489	0.00103884613342386	0.000956852271457425
90	0.000217013559949435	0.00266985170068672	0.00350735662472252	0.00444828577613876	0.00065036574160817	0.000828017881537918	0.000994558990005853	0.000960005594402511
100	0.000191517897263051	0.0010798099672276	0.00291807328753086	0.00649161044807351	0.000654776637971134	0.000820388382487286	0.000981226527229447	0.000968287485127814
110	-0.00032357843924181	0.000325456855936411	0.00257188334980656	0.00265755896652758	0.00066769941063026	0.000815775819116151	0.000965919465375095	0.000997272506641063
120	-0.000107730161507359	0.00062872580585007	0.00248734225596915	0.00351845543494052	0.000680117761232616	0.000851118800510484	0.000953331378044257	0.00103179884534586
