lagtime	RRD_p|lagQ0-0.0336	RRD_p|lagQ0.0336-0.0989	RRD_p|lagQ0.0989-0.161	RRD_p|lagQ0.161-1.08	se_p|lagQ0-0.0336	se_p|lagQ0.0336-0.0989	se_p|lagQ0.0989-0.161	se_p|lagQ0.161-1.08
3.33333333333333	0.000330611085912283	0.00170177872238258	0.00512491470739111	0.00589833936897168	0.000444563794586951	0.00043286516310209	0.000983390004634952	0.00124246429808618
10	0.00230488990423054	0.00591679346470352	0.0129797192870597	0.00880873391061463	0.000386099776957209	0.000333964800540169	0.000738174122250096	0.000824335783722863
20	0.00475734997354273	0.00772626891826279	0.0135688370939821	0.00848922466468234	0.00045180234763	0.000397916007809819	0.000857738094109539	0.000887188200172932
30	0.0044367467720722	0.00643902130525307	0.0107369685024715	0.00772969446162309	0.000470623039526294	0.000424224828965336	0.000933443117132962	0.000871951442053155
40	0.0035766422228099	0.00565225059241225	0.00769785263786654	0.00542759643674072	0.000463263007636621	0.000432485298478801	0.000978361782332003	0.000874201730531909
50	0.00281206752448078	0.00465497766078362	0.00592335189826188	0.00425769107530118	0.000450391420651977	0.000433024946074743	0.000992419236095157	0.000886621970674952
60	0.00205308328196585	0.00360440218045639	0.00464131022260702	0.00423483204649178	0.000439380047154758	0.000435207429004538	0.000975286505498162	0.00088377398660148
70	0.00156047230271581	0.00281815824454332	0.00378555480329628	0.00230261500126274	0.000435082759437912	0.000431280236876132	0.000948656568823688	0.000882494436574904
80	0.00180462532417379	0.00258763427170006	0.00335024638310391	0.00184728996153383	0.000421672488896993	0.000437137521810016	0.000903348351191682	0.000878352897822012
90	0.00163598017195399	0.00215368325002429	0.00354871547578216	0.00160215669542645	0.000409008406667387	0.000452652055441657	0.000867504519176819	0.000876791296979626
100	0.00140181341992324	0.00238101863026468	0.00239231710273131	0.00114864882517278	0.000407139134581697	0.000467141343162349	0.00085226242353723	0.000874787513495967
110	0.00147602871071306	0.00266060388469146	0.00210008237417594	0.00095510022819682	0.000408633998260071	0.000473440735159388	0.000866614456220934	0.000865484582331179
120	0.00114593916860008	0.00249731223015568	0.00284912131842688	0.00101067331364719	0.000414458503131481	0.000474330317704111	0.000868617197610489	0.000850021375903003
