lagtime	RRD_p|all	RRD_dw|all	se_p|all	se_dw|all
0.333333333333333	0.00572910032454595	-0.0653759214040154	0.0105102134072499	0.0162194671660861
1	0.00495680149629123	-0.0023987060252079	0.00570974241104883	0.00790787905067079
2	-0.0030139986356045	0.00932593775716924	0.0058906484517814	0.00787013152438661
3	0.00328016977018259	0.00448315738687011	0.00599525292081595	0.0079879825796089
4	-0.00322408263114641	0.0133069107516244	0.00608602258610815	0.00799678972316409
5	-0.00196399694025949	0.00375588508567773	0.00613059576846799	0.00802598932082989
6	-0.00661175089927005	-0.00487210076750447	0.00616134073290923	0.00795189580230421
7	-0.000930518498055691	0.013520652880931	0.00589091690573089	0.00775989058772471
8	-7.37407265347302e-05	0.0173739886981457	0.00591434933457151	0.00797111981275147
9	0.00580562760150514	-0.0112431034954127	0.00593706893187787	0.00810112827698115
10	0.00251399433666636	-0.0260787777348733	0.00586625653108065	0.00808321062442645
11	-0.00206150494961679	-0.00322829684064475	0.00582396007165463	0.00788299105246179
12	0.00604590389239132	-0.00353103940203727	0.00612082228345305	0.00801424536267275
13	0.00492992740635807	0.00848157162096176	0.00603831194871963	0.00803461146352855
14	0.00126359357930508	0.0171584728522377	0.00602446438179166	0.00794063251975161
15	0.0005056439230793	-0.0047476521181616	0.00620701639563136	0.00793977794350427
16	-0.00348498950977132	-0.000747416496911144	0.00636440004318685	0.00809965365243839
17	0.00378164526434203	-0.00371428997188561	0.00643536239391289	0.0080413903856658
18	0.00143030383270887	-0.009141851674749	0.00651331617536131	0.00791529220467721
19	0.00351212666766921	-0.0142950739310083	0.00648326776359163	0.00767756534936066
20	-0.000150363964737143	-0.00496610602826345	0.0063973188862139	0.00770829851135871
21	-0.000260839471047859	-0.0169956558452022	0.00620239679033114	0.00754736621334777
22	0.00879783672094051	0.00396779444861	0.00619737967321395	0.00733366581897333
23	0.0055781102988162	0.00742309049089841	0.00612954730737724	0.00733740904804825
24	0.00658856214184034	0.00329762543351214	0.00606077028588238	0.00764033396435153
25	0.000748978215859732	-0.000540188110437239	0.006002935185074	0.00755886293265363
26	0.00189697382378432	0.00987346263829493	0.00595769365752785	0.0078170574868589
27	-0.00334336074680555	-0.00828674107919752	0.00596600397141993	0.0077509861162653
28	-0.00339222980361219	0.00537396668342343	0.00597918033356896	0.00795195452726479
29	-0.00914692976916095	0.0065285582034676	0.00609725794294511	0.00804250183430557
30	-0.00211231610662695	0.00673280005721647	0.00614753399350758	0.00790813799514011
