lagtime	RRD_p|all	RRD_dw|all	se_p|all	se_dw|all
0.333333333333333	0.026224821659389	0.0434669795952052	0.00696693096163399	0.0211742651595309
1	0.0398614888694347	0.0202576719053922	0.00397381964759759	0.0106801389771343
2	0.0419756340856464	0.0111019144868023	0.00444297302506023	0.0108522669427176
3	0.0348034436951067	0.0104796515610778	0.00527864198030384	0.0104199949651009
4	0.0191105186902673	-0.00384496825459701	0.00608587415120619	0.0103798731353338
5	0.000831739537258558	-0.00348914534231304	0.0064665446940545	0.0104685981463651
6	0.0490502653481109	-0.00531340149455131	0.00643782937136669	0.0103385899470233
7	0.0298917042721845	0.0141648316093181	0.00633094934043372	0.0106259409643444
8	0.0196243678141122	0.00056907645239199	0.00670772863496549	0.010601106214308
9	0.00936442883750762	0.00551220572078346	0.00645340597465241	0.0109395700077487
10	0.00266601064244372	0.00555676824615028	0.00861792093016808	0.011314138474947
11	0.0109118651360506	0.00195720753664004	0.00984907051375811	0.0115231211689782
12	0.00420018092886039	0.00817012514874056	0.010648042589301	0.0114704815443843
13	0.00757892988858926	0.0108930342357711	0.0114084385723197	0.0113959068908807
14	0.0190073926249708	-0.0127200615182068	0.0118276476207852	0.0113234033907736
15	0.0127494498620286	0.00700247134947689	0.0120609229591367	0.011465607618572
16	0.0100095285981229	-0.00701891318653656	0.0129490951655132	0.0108131545872962
17	0.0174812882322373	-0.00743854402624971	0.0129274507186794	0.0108922462510428
18	0.0177315934477645	0.0124869595441827	0.0127637658955928	0.010677055714689
19	0.0107396555725677	0.0109589776829215	0.0127370491264518	0.0107081242498879
20	0.0110855943129752	0.0141520973482536	0.0121394509085111	0.0107783134610367
21	0.00936844904087172	0.00573208990376477	0.0116890221815247	0.010269415076689
22	0.0122859566577664	0.0185659138671066	0.0113956575823171	0.0101715007320725
23	0.0170034984644517	0.00865360101435625	0.0113218347958711	0.0103255270340903
24	0.012341145375747	0.0158354742300241	0.0111653680589657	0.010666245463076
25	0.0138969062683055	0.00955640127434369	0.010828892060231	0.0103788732803746
26	0.00966530395421424	0.01486651031243	0.0107906599871741	0.0103822653274794
27	0.00699399025074593	0.00123677018061773	0.0109407587652494	0.0108660315110527
28	0.0105579153029136	0.0261674072783124	0.0110268425340008	0.0107336219806363
29	0.00437089635789414	0.00987521103815248	0.0111676455929505	0.0108503695305431
30	0.0103428901090735	0.00858426902744782	0.0114588815302059	0.0106419147358755
