lagtime	RRD_p|all	RRD_dw|all	se_p|all	se_dw|all
0.333333333333333	0.0110840835726597	-0.0130151510337202	0.0328316705779387	0.0269803383741754
1	0.0257419078254218	0.0482433530671757	0.0293028359481185	0.0134490211485271
2	0.0228599875243356	0.0530049969009418	0.0285882029688223	0.0135589092788342
3	0.0230297775061879	0.0265571521114481	0.0282658627411644	0.0131279294759908
4	0.0243729944397138	0.00602325220141592	0.0290208482568848	0.0127661854507888
5	0.0318693415452084	0.00847821205051323	0.0293474716619417	0.0129667194886184
6	0.0275269378696572	0.0279527826600673	0.0301293479276674	0.0132687585127004
7	0.0295171350535677	0.0271866392361656	0.0297661443385701	0.0146318866386616
8	0.0303965472003218	0.0380154420398915	0.0306973079308032	0.0151391399357921
9	0.0247125120021278	0.0276331815834915	0.030735097822163	0.0152152296292911
10	0.0297087571065807	0.0120610879264842	0.031948101519908	0.0152848093276867
11	0.023983129497857	0.0181652421143195	0.0372759077654922	0.0155176022070333
12	0.0296342747308914	0.00600542404796935	0.0358558072353155	0.0161013749698753
13	0.0222542537763197	-0.00980234989563579	0.0364342132256989	0.0165437423771811
14	0.013870354104555	-0.0299933699957536	0.0383242631556741	0.0155409641193106
15	-0.0368986901863154	-0.0160869115233489	0.0452767748371812	0.0158150721206192
16	-0.0310703247685472	-0.00476753394736523	0.0481574343209645	0.0164744967769265
17	-0.0418798788391676	0.0218659608616633	0.0491324430768703	0.0161189754020582
18	-0.0480960609704181	-0.0114005315412446	0.0483205398987243	0.0155243207800396
19	-0.0559153204334483	-0.0158921916534344	0.0497774522552091	0.0147750543757696
20	-0.0653746369851798	0.00115546762419821	0.0507314665293911	0.0141284556173255
21	-0.041480879559093	0.0277625338227776	0.0492881013117437	0.0137791091806573
22	-0.059046962601403	0.014383927136769	0.0490470621100791	0.0136282161207854
23	-0.0365092484361048	-0.0133981451438337	0.0468506676042447	0.0138312741112178
24	-0.0428717308621419	0.0367434028223423	0.0463424008851594	0.0136705696021416
25	-0.0343625787803765	0.0379907656403277	0.0460092331308836	0.0138831999674402
26	-0.0401044684133667	0.0315144578432674	0.0466674880402603	0.0138485629525883
27	-0.0317029490901015	-0.0198463271949957	0.0492907189375245	0.014115087747681
28	-0.00337966605251943	-0.0356401140475381	0.0481128075382504	0.0142373027389035
29	-0.00493801899269372	-0.00785656624814341	0.0464012195049962	0.0144416934031068
30	0.0420428381447264	0.0131159643069147	0.0469360237114202	0.014547811724739
