lagtime	RRD_p|all	RRD_dw|all	se_p|all	se_dw|all
0.333333333333333	0.00136005584106443	-0.0177038632349362	0.0128698049474317	0.00838736948182037
1	0.00308832639953343	0.0174989509856054	0.00722768837847529	0.00425400325976811
2	0.00361435348038915	-0.00515955487954683	0.00862083723792147	0.00428653175135511
3	0.00271518820675758	0.000292488402737343	0.00969249623142689	0.00429730231086181
4	0.00830366815537501	0.0109402490253572	0.0104936367774073	0.00448297630329732
5	0.00208011161132503	0.0185759171840073	0.0110437778872484	0.00441346655965382
6	0.0100390713953661	0.0159145750724293	0.0110970104145081	0.00432593242055093
7	0.00464317598245146	0.0190075452333391	0.0112572525154836	0.00430462444679907
8	0.00585964284412669	0.00610669819733272	0.0112422318904119	0.00443308549756661
9	0.00805698332285292	-0.00838517051706518	0.0111695971648752	0.00451495312047044
10	0.00617654278479943	0.00119029579692138	0.0108917726771219	0.0048077980710265
11	0.00577883494219301	-0.0137161109144895	0.0105616231863853	0.00483552409739752
12	0.00569699140472552	-0.0174188612673569	0.0101853626851189	0.00477128588546277
13	0.00335818312937376	0.00381938579517636	0.00984597412270889	0.00493269656988236
14	0.00225471880019937	0.00584978128709372	0.00934290426742972	0.00507498533890309
15	-0.00146203895469736	-0.0014649138335544	0.00889962536416897	0.00497084938928257
16	0.00395350287081883	-0.00456532024287476	0.00894924506118116	0.00494682454404463
17	-9.45912089407957e-05	0.00456276364187162	0.00882821207016753	0.00498982040761205
18	0.00340770468261378	-0.0091255646243284	0.00958180375102792	0.00486039093957928
19	0.00363496945414139	0.0112806030965514	0.00968580391129933	0.00495190908071918
20	0.00285874680401929	0.0027789669438201	0.0101848420277497	0.00483862179229943
21	-0.0022694128750953	-0.00682271813305791	0.0102689568307831	0.00475096750471245
22	0.00048719808742529	0.00516261624274547	0.0102631348337651	0.00478183084154244
23	-0.000561322588443917	-0.00291075789476846	0.0101816406175574	0.00461642988525062
24	-0.00277564474388317	-0.0180979589337768	0.00998708419820151	0.0046681485029101
25	-0.00393316254346629	-0.0024758368472404	0.00971371625115739	0.00474365050574928
26	-0.00524503554822757	0.00592820823307448	0.0093279430224304	0.00497499656473624
27	-0.00464077152310617	-0.00174222999378632	0.00887060162988795	0.00475954470459633
28	-0.0039555397675721	0.0199245592359197	0.00847940146136811	0.0048629795074276
29	-0.00255708203869354	0.00976123182425286	0.00850691223786472	0.004978823819919
30	0.0045336059928871	0.0129691723095983	0.00846057976220943	0.00498332180521606
