lagtime	RRD_p|all	RRD_dw|all	se_p|all	se_dw|all
0.333333333333333	0.00876404575013381	0.0114889272955752	0.00721996007907205	0.00999757036809079
1	0.0107351501073644	-0.0036636629995101	0.0040704657122635	0.0050738566435949
2	0.0141437960097142	0.00398392194692142	0.00502098380858064	0.00490607286550651
3	0.0135134023521016	0.0065807106984018	0.00557314388753162	0.00482863108682612
4	0.0157142133408906	0.0163147500336646	0.00589024131308315	0.0047948586321742
5	0.0166058210136798	0.00727873497799121	0.00598998858502689	0.00480930512796437
6	0.00960381801655883	0.00345127990342255	0.00603465952541073	0.00482561158907014
7	0.00789563878273487	0.00535395471698893	0.00595615543734788	0.00488869090272133
8	0.00813474286268205	-0.0025571729890973	0.00587643541944886	0.00498986140375027
9	0.0070203664236962	0.00917843136601746	0.00570401784141964	0.00519353588992202
10	0.00741473876551497	-0.00554493588613574	0.00549131443982175	0.00533620347220102
11	0.00740477475074058	0.00550595154702142	0.00529469481213044	0.00521274691413954
12	0.00544948216836469	0.0044630931234628	0.00522390878920651	0.00522581103923578
13	0.00510202016838341	-0.0030845870524984	0.00522931824811973	0.00529193415619482
14	0.00435439141762421	-0.0102882906998516	0.00520814533386688	0.00534596970823071
15	0.00357736747575329	-0.000843218015167832	0.00519910414362036	0.00535426720637506
16	0.00398106177368018	-0.00690349263072814	0.0051762980260761	0.00546817450979695
17	0.00451988612849866	-0.000403316538579912	0.00506387421903052	0.00544885202878464
18	0.00457914343106926	0.0204384133272158	0.00519701527370942	0.00544580023185597
19	0.00664551703158757	0.00100471854868153	0.00535963214768205	0.00552481648944273
20	0.00606403203419772	-0.00592451859353354	0.00611699515349453	0.00545327389806882
21	-0.000456280351686502	-0.00852701895043246	0.00625862385098368	0.00541022015774571
22	-6.65084198285867e-05	0.00438577783353798	0.00619711658583643	0.00538856440455291
23	0.00771615381947276	-0.000273265524606371	0.00641090071049521	0.00526057530298507
24	0.00798442869555827	0.0179198548772844	0.00641065716512306	0.00510449418997057
25	-0.000983518477624066	0.00400333436597126	0.00619836490190004	0.00520471924004571
26	0.000360918895705951	0.00770699139307159	0.00624587368723427	0.00516396796257144
27	0.000587813792350237	0.00448464497701722	0.00635383621448801	0.00515637968795226
28	-0.00139239110295533	-0.00853834896661581	0.00615859712229766	0.00523602654058453
29	-0.00231479884292673	-0.0105215991379118	0.00592816226058207	0.00522050466178254
30	-0.00155959290467015	-0.00393952443638799	0.00584897662956175	0.00514753201815148
