lagtime	RRD_p|all	RRD_dZ|all	se_p|all	se_dZ|all
0.333333333333333	0.0736791822975365	1.7092925945171	0.00741611680316869	1.02194083169113
1	0.150024811258579	-0.598924128938313	0.00468882159696011	0.55199586497566
2	0.113650548979292	1.10921606136855	0.00469820946810471	0.532528673713831
3	0.0711808211483926	0.369334106144396	0.00448563136470762	0.517570426805379
4	0.0500972674506621	-0.0343954039517848	0.00438484786646084	0.502326827919094
5	0.0339796239504637	0.150716479487593	0.00443074875488669	0.485810860925505
6	0.017941795674773	0.0326041174104627	0.00430647433289962	0.467361825304035
7	0.0144202952577748	-0.202805992845975	0.00431048247055263	0.449782694905189
8	0.0133379963240732	-0.216767004478274	0.00419208444563712	0.429582928968451
9	0.011222115370388	0.0665583812285964	0.00409828078549902	0.427654926596805
10	0.0123074716867412	-0.121447550225817	0.00413570204757802	0.409633365806671
11	0.00680025593726478	0.00448590826403664	0.00420775821367486	0.405202647204379
12	0.000959220138185364	-0.257613451165077	0.00417176122045428	0.387405677633332
13	0.002384915593435	-0.333354185493659	0.00427937603279821	0.372423258608249
14	0.00462617279858583	-0.0121786666224623	0.00416646914283312	0.358968833033694
15	0.00727437196339431	0.192208666797771	0.00415558210225735	0.346901476960087
