lagtime	RRD_|all	RRD_dw|all	se_|all	se_dw|all
1	0.000921440933064386	-0.00122845369038955	0.000110757525985336	0.0019538087952847
3	0.00174962311875842	0.000892448514405217	9.07948476990358e-05	0.00108997903746319
6	0.00392634717811066	0.00241266344704197	0.000122986361818863	0.00125405526736185
9	0.00593065775977753	0.00170013253172871	0.000151427589625629	0.00136627839481669
12	0.00704907718252979	0.00241988543048551	0.000177060154705376	0.00143944115008888
15	0.00751493948115952	0.000752086578862393	0.000200753264455605	0.00148549900375028
18	0.00765391700904384	0.00156929476431519	0.000221390708502772	0.00151307298573097
21	0.00768427416992359	0.00230800803819029	0.000238073872155415	0.00150730141066816
24	0.00762547248886033	0.00293660640182384	0.000251924013254353	0.00150689743080197
27	0.00736425089090975	-0.0001869600786345	0.000263278544007099	0.00150136213194035
30	0.00712044583752594	0.00206241040940028	0.000272786313950999	0.00149508510370818
33	0.00692209915808168	0.00117137561248602	0.000280697398404868	0.00149203471338058
36	0.00666967215310198	0.000708891329018617	0.000286941802334271	0.00148890630199566
39	0.00638595252259434	0.00108762571611788	0.000291525551190453	0.00148470361129921
42	0.00605965650374084	-0.000607466128778033	0.000294827465594143	0.00147960381240237
45	0.00569717533054904	-0.00134801142247976	0.000297031103007365	0.00147095705528578
48	0.00535366630609935	0.000357216322973367	0.00029847179731635	0.00146606573638065
51	0.00509385909493883	0.00083355731360561	0.000299320275579577	0.00146201488818983
54	0.00480879709262769	-0.00108205729210412	0.000299706539877232	0.00145665447780845
57	0.00457842909991632	-0.000699461054948492	0.000299688379604453	0.00144909534556913
60	0.00445002871915939	8.05732600373678e-05	0.000299390585563699	0.00144056559938865
63	0.00426859550177866	-0.000678109615682816	0.000298869331712737	0.00143482272542534
66	0.00400850536568895	-0.00176565399538207	0.00029815147305854	0.00143093603910258
69	0.00381824413008601	-0.000592726218032915	0.000297353009222825	0.00142424149192224
72	0.00366508051001565	-0.00265395882198676	0.000296596091815715	0.00140679174459946
75	0.00358913799524021	-0.00195817354856648	0.000295667331285757	0.00138962372541608
78	0.00345823329014056	-0.000499324865351665	0.000294469995517196	0.00138475507446698
81	0.00336607483261129	-0.000654437161055667	0.000293110308837303	0.00137881890289135
84	0.00324876772174863	-0.00120622553599839	0.000291802198477679	0.00137023286463128
87	0.00315987657794736	-0.000576270711801822	0.00029049768658766	0.0013523631988965
90	0.0030379011560653	-0.000669402488303173	0.000289167901962111	0.00129732372367983
