lagtime	RRD_|all	RRD_dw|all	se_|all	se_dw|all
0.666666666666667	0.00602358028076061	0.0076599680267396	0.0037930678548503	0.003694575929405
2	0.00442907843169083	0.00373826483154703	0.00196579420910024	0.0020289875858389
4	0.00333067334234753	0.00392799906067046	0.0020134439353665	0.00201516918546007
6	0.00140190692144499	0.00396865060421246	0.00200896385004031	0.00201651419227461
8	0.00250571887053078	0.00418744655644922	0.00200555320789765	0.00199893099560801
10	0.00279445874193926	-0.00141632020817663	0.00200744494910812	0.00200182625101175
12	0.00141378754286726	0.000294712160236436	0.00200047909737961	0.00199878694910461
14	0.00164245524490965	-0.00294009723366721	0.00200249310061838	0.00197930950324157
16	0.00187821262255231	-0.00175321598721258	0.00201683522010964	0.00196065931918517
18	0.00276359268934359	0.00158470438444152	0.00203255799485805	0.00194601822788746
20	0.00149139117909627	-0.00408698884043576	0.00203968999240136	0.00184624440146244
