lagtime	RRD_p|all	se_p|all
0.666666666666667	-0.000798571406030428	0.00497691845552881
2	0.0111301481440401	0.00335970896944091
4	0.0129467986640434	0.00361711374551405
6	0.0101101344753339	0.00367341535294892
8	0.00819829444955103	0.00370857606632762
10	0.00636253387708609	0.00374598980058252
12	0.00607085247450357	0.00376697689962935
14	0.00339982746723746	0.0037876698058525
16	0.00269663724642582	0.00382871303970519
18	0.00146472292120161	0.00386849958578287
20	0.00224709812043787	0.00389676421827727
