lagtime	RRD_p|all	RRD_dw|all	se_p|all	se_dw|all
0.333333333333333	0.00246499841520359	0.0306076967532313	0.00996266264760387	0.0143787299093177
1	0.00209394770144035	-0.00343454480182957	0.00697126907008798	0.00788490342311155
2	0.00206669593114489	0.00669284251594457	0.00905516294293857	0.00782917562874666
3	-0.00079891871667556	-0.00602304916796862	0.0112954764236211	0.00775022928564533
4	-0.00361986498257935	0.00139734735706285	0.0128232818411599	0.00788891414579494
5	-0.0040876239358761	0.0171322721876719	0.0136634769253155	0.00792392991956781
6	-0.00299329182467341	0.0408047372568885	0.0141907089603165	0.00796428408025283
7	-0.00600575033114784	-0.00305590804255508	0.0143230941241687	0.00811935412550379
8	-0.0109183397433017	0.00246080288480081	0.0142563564868555	0.00813630246324453
9	-0.0162672146457115	0.0310199969081064	0.0139840127122543	0.00805459436702293
10	-0.0191088263334646	-0.00833801127442823	0.0135087457261682	0.00823326695027013
11	-0.0209995737923352	0.00962299732509867	0.0129577806480582	0.0081058438779663
12	-0.0192706838400656	-0.00670747373227462	0.0125770605882225	0.00819331990615153
13	-0.015039837340659	0.00788607101293789	0.0123514262582482	0.00821030440907198
14	-0.0163720626003242	-0.00987825261845443	0.0120419231779355	0.00825985798995726
15	-0.0149917873199351	0.0172508135154335	0.0118641224013921	0.00826547053748342
16	-0.0149600910742174	-0.0116726957873676	0.0117145555413788	0.00845664721334737
17	-0.0161702903790722	-0.0201440178443026	0.0114479897945249	0.00827384388569479
18	-0.0111183077259383	-0.019480663178071	0.0114386710487956	0.00822909239870133
19	-0.00585861864937279	-0.0202074929783488	0.0117531465113571	0.0082269982690371
20	-0.00327306521918535	0.0166757084817531	0.0127590702350751	0.00812472344495138
21	0.000146420146242086	0.0229140717904318	0.0137265542741229	0.00805396679567553
22	0.00410313918584067	-0.00874902328727698	0.0141516253921508	0.00789558086464677
23	0.00382133294772703	-0.0020341622700824	0.0146762126068986	0.00783296754581915
24	0.00566143771669096	-0.00104444181550655	0.015012044189755	0.00761473379724578
25	0.00717008014552262	0.0209068905333765	0.0148653746309841	0.00791290706100334
26	0.00456995833370792	0.0165785235295685	0.0147945828217163	0.00797262237884195
27	0.00350400912596155	0.0077396667591071	0.0149131528639777	0.00797668418836695
28	0.00505656476340371	0.0328735236437368	0.0147386401069648	0.00800425306053908
29	0.00681682774320198	0.0319622559158107	0.0143225249328205	0.00815885430703629
30	0.0062985277500363	0.0135292832991945	0.0140997652656148	0.00789451513150263
