lagtime	RRD_p|all	RRD_dw|all	se_p|all	se_dw|all
0.333333333333333	0.0052477264578119	-0.0328439068006609	0.00758875428807599	0.0116714594708922
1	0.00465477538089412	-0.00262527728264825	0.00411894802120503	0.00570346674990385
2	-0.000376762201323426	0.0138375937863712	0.00438940953802321	0.00563272622781651
3	-0.00191289350842443	0.011584149383809	0.00458038622303719	0.00570102458186803
4	0.00632410110623819	0.00310280397709501	0.0047557120991812	0.00567262783709464
5	0.00455800466933972	0.00151422959037544	0.0048775027503493	0.00571891850424456
6	0.0186855319869972	-0.000883594169148222	0.00490583872764934	0.00563534541278467
7	0.00991823525485913	0.00376091352368111	0.00471454005598498	0.00551588352648845
8	0.0123285370262118	0.0122557732065434	0.00479361538693107	0.00563560131969555
9	0.00232300047609278	0.0112317150766736	0.00488337113574419	0.00576984614811991
10	0.00755054794527344	0.0103175325954994	0.00496228434608057	0.00577961075078527
11	0.00842921034436813	-0.00610609669520942	0.00502192370526265	0.00563644590164077
12	-0.00266755406048452	0.00656472126516448	0.0052846753022819	0.00575249241433472
13	-0.00109347865844379	-0.00538247120176875	0.00533293840142713	0.00577378011880421
14	0.0028357074958567	-0.00056920791865613	0.00535263891517452	0.00569333548043153
15	0.00539380137369216	0.00830498472595401	0.00550469292384422	0.00567678938456995
16	0.00403456102046214	0.00677060258227471	0.0056699051247595	0.00583171171682246
17	0.00562904935592357	-0.00866383788159096	0.00576841189395506	0.00583401275991391
18	0.000967166124014721	0.00227650103148487	0.00586550523399481	0.00574744665053561
19	0.00413281579887334	-0.00828849553629787	0.00591483082201538	0.00553190945599523
20	0.000128301620538739	-0.000723026626091731	0.00591042318591086	0.00553675425645147
21	0.000927142191797276	-0.00624731772647138	0.00588247094861898	0.00546020899719995
22	0.00224426373978726	-0.00442260383753158	0.00599204606684703	0.00531548505688308
23	-0.0021295129678934	-0.00319177341025534	0.00604090711957672	0.00532208871767115
24	-0.00183906588019556	0.00342829278612047	0.0060397234112104	0.00547786856498008
25	-0.00305764307954754	-0.000534221116121876	0.0060596118894213	0.00539860895836356
26	-0.00295036884071755	-0.0108058714304886	0.00616431481094942	0.00561247162080039
27	-0.000819112463309111	0.00207099967132654	0.00621045418983485	0.00561311521007201
28	-0.00324461315124588	0.00187469291968529	0.00629937307334854	0.00572008547686019
29	0.00039327340306548	-0.00642813987277848	0.00639885523828659	0.00579333476249476
30	-0.00150004686204329	0.00723516338538872	0.00641678247744619	0.00569668626045383
