lagtime	RRD_p|all	RRD_dw|all	se_p|all	se_dw|all
0.333333333333333	0.000485050672873073	-0.000820898623682886	0.00438991433770783	0.002819567577481
1	0.00148069696039564	-0.00345054127742044	0.00222766575474281	0.00137649977764137
2	0.00126861490387842	0.00400163956705731	0.00248049330791173	0.00139821329463563
3	0.00147521078805515	-0.00374295166961049	0.00261800193575053	0.0013822381828194
4	0.00230490657435313	0.00181736662193223	0.0027759820917365	0.00140691079585384
5	0.00123856767722672	0.00454073256984902	0.00291672452022691	0.00139835553791237
6	-0.000586069308417472	0.00110416339548835	0.0029195451505719	0.00140713126072227
7	0.00221781231374787	0.00596709589563318	0.00300805752393232	0.00140008934469369
8	0.000718579977269821	0.00693545927322861	0.00306402393925915	0.00147104759651874
9	0.00166444617585157	0.00205955589534027	0.00310914887258203	0.00148897981972167
10	0.00169895280715293	-0.00787621038148751	0.00307851019774588	0.00160192947053251
11	0.00148636040948572	0.0043743462029715	0.00300290131832001	0.00160901021223564
12	0.00158950866177703	0.000527290780111236	0.0030057918267059	0.00156680133495825
13	0.00117271382835222	0.0035009940992671	0.00302871504497519	0.00161245655453044
14	0.00122785446338669	-0.00226707361001584	0.00305443935469662	0.00166627264449719
15	0.00127277937307066	-0.00230415737742845	0.00309068019724178	0.00162459275174611
16	0.00227030537807296	0.00363411717309571	0.00333664544577235	0.00160851416687722
17	0.0024966267450605	0.0017597742676364	0.00326016653037514	0.00170698935995418
18	0.0029950467886952	0.000599044618738058	0.00357728940558482	0.00165827928249577
19	0.00267435289366672	-0.000167299063119493	0.00360133461585063	0.00161780704717793
20	0.00314504724906006	0.00242165275954741	0.00374244468133317	0.00160973636116122
21	0.0038418215086792	-0.00063715242764153	0.00375695696484194	0.00157568265190304
22	0.00235076536478881	0.00135246173358499	0.00375034236138842	0.00163555401827727
23	0.00285022970931762	0.00402733678089719	0.00368819899983004	0.0015616331923928
24	0.00262269463926231	-0.00215456430122518	0.0036597857549165	0.00152928267434269
25	0.00258242007881876	0.00356307663536281	0.00365322058562456	0.00152049866490453
26	0.00348356773556856	0.0015515580746596	0.00365869173167349	0.00164078327318278
27	0.00237828581288451	0.00639042277313392	0.00364649101803392	0.00157083176751079
28	0.00222126725179127	0.00215568346148366	0.00366051555778347	0.00157758362052752
29	0.00261215591457971	-0.00143839375687399	0.0037851244623303	0.00164359751825592
30	0.00268727231857058	-0.00173501622254792	0.00385267296396032	0.0016639887813217
