lagtime	RRD_p|all	RRD_dw|all	se_p|all	se_dw|all
0.333333333333333	-0.00141546771076914	-0.0101042714010694	0.00505410156983913	0.0159798812921419
1	0.0035653602331431	0.0069832105746109	0.00275581183291441	0.00880568978299674
2	0.0106924496493959	0.00767729968792335	0.00308520610151501	0.00905441309699025
3	0.0254622672709615	0.00782952541422678	0.00361250565449621	0.00858844330185709
4	0.0425666505299613	0.00405165702167167	0.00416540045194448	0.00859058165776395
5	0.0239472264507413	-0.00246449238012571	0.00429966534949329	0.00878580496344564
6	0.0280370023871034	0.0169210972247536	0.00434932225145194	0.00839836865920869
7	0.03259221937193	0.00709413439638048	0.0040998318524313	0.00829623546022238
8	0.0274889435342	0.0175114656065075	0.00418711576901632	0.0082902940065965
9	0.0177070041672653	0.00879648082066343	0.00392727791769923	0.00831573196246095
10	0.0263598478292079	0.00648333921287441	0.00543375903273553	0.00843722162094483
11	0.0222708140142022	0.0169242212447282	0.00599522556567659	0.00855157128373423
12	0.0220072222031146	-0.00515927369364561	0.00617171848929816	0.00855263325996291
13	0.0183057493537234	0.00647059318742177	0.00629941316860628	0.00850817590536934
14	0.0153576119898038	0.0084025023782806	0.0061470679100414	0.00839344280209912
15	0.0161234534166206	-0.0160496081221352	0.00586321714716885	0.00841160251747358
16	0.015739296644628	-0.00555029580685351	0.00602254865425364	0.00838858373057896
17	0.00798768754031628	0.000307270369566607	0.00579028450795498	0.00839314004767518
18	0.0105924272171933	0.00775403168219012	0.00536665490512856	0.00819533983057443
19	0.0112342929044745	-0.00641085492554758	0.00504158614584105	0.00825033869727074
20	0.00894885401615121	0.00973118985751373	0.00411178086835513	0.00827780314398997
21	0.00651903366861976	-0.00857809243518343	0.00359314922101135	0.00786708870489918
22	0.00459829393049292	-0.0119582689103866	0.00328676245281577	0.00772537343616725
23	0.00558517274681685	0.00294587603759294	0.00300397318138935	0.0079199520011438
24	0.00373410389768153	0.00679206853052712	0.00297930507517012	0.00793171676580383
25	0.0044746410913436	0.00963269771835877	0.00285832564400165	0.00768189498474143
26	-0.000628768299158003	0.00738807147745083	0.002847112473224	0.00755606028129469
27	0.000504328931247958	-0.0104162034430718	0.00279442055438906	0.0079643753110251
28	0.00043740876082312	0.0107531821232595	0.00269426013562174	0.00782106568805031
29	0.00158374962532855	-0.00418288123845129	0.00260217220081024	0.00794453778076226
30	0.00509212965069633	0.00461960741857653	0.00256806511142464	0.00777020720912816
