lagtime	RRD_p|all	RRD_dw|all	se_p|all	se_dw|all
0.333333333333333	-0.0183740357198197	-0.00606536755825158	0.0435856313581075	0.0310312253007498
1	0.00276270321454789	0.0350655098991646	0.0447264310611551	0.0176435775031832
2	0.00542735031116018	0.0399721394223564	0.0535876257225327	0.0186434795129731
3	0.00915326762696124	0.0356762659991005	0.0563979849130779	0.0190075425633105
4	0.0020950479247418	-0.0108930023406542	0.0577825753550069	0.0186715331660798
5	0.002429319336124	-0.0114642180483835	0.0580007631158805	0.0182059983925076
6	0.00668496736790118	0.0152661194611369	0.0584962628775886	0.0184316632869566
7	0.0129047578551747	0.0172185131474691	0.0576750514701417	0.0197233454444322
8	0.0163257685433604	0.013516059875496	0.0579847220936499	0.0196555929556365
9	-0.00124597575807377	0.0225624650624017	0.0579716296244128	0.0203792038531381
10	0.0146414361719308	-0.0147127706623986	0.058324795024366	0.0206573316261571
11	-4.44738642282698e-05	0.0536755328578668	0.06421252150728	0.0208888969878318
12	4.99377938715699e-06	0.00235278949276805	0.0652884511794021	0.0209346883638715
13	0.00676694713104516	0.0208729423460956	0.066003783452049	0.0215668451960413
14	0.000428340139723671	-0.0351758234885696	0.0685359793402534	0.0200433314682591
15	-0.0545207454127944	-0.0215667913527696	0.0780159893883527	0.0205750772469148
16	-0.0326029122609023	-0.0090818447684417	0.086516729222975	0.0211006685697431
17	-0.012365037388028	-0.0137339354958826	0.0905832654220465	0.0206487609423307
18	-0.0107846883219738	-0.0357478713514016	0.091464336624329	0.0199192390308998
19	-0.0408498572515318	-0.0581198458058948	0.092243293909561	0.0193971677104899
20	-0.0305939439610463	0.000715278554725196	0.0941223771838792	0.0189819768028708
21	-0.0203708187144983	0.02441192724351	0.0921070381155006	0.0188740012127509
22	-0.00763186473699801	0.00767074687681127	0.0898541096154878	0.0191886478943787
23	-0.0268135032447923	0.000304665123897602	0.0843099680754119	0.0194008735466243
24	-0.0102497141520628	0.0406650056585285	0.0805655493530245	0.0194072166795252
25	-0.0220507743688772	0.0506325849436581	0.0780350355243392	0.0192235078623811
26	-0.0129030183343049	0.0454870104512101	0.0769700718883272	0.0198589109189766
27	-0.0238066652807611	0.00796771820904815	0.0800002119461415	0.0203139309450886
28	0.0313036889951843	-0.00149082090835293	0.0813971551330824	0.0206559040724018
29	0.0254007957792576	0.00426526583917658	0.0788582122703619	0.0204582124737072
30	0.0708487381953424	0.00327412229098637	0.0779348547782805	0.0200444090631857
