timestep	time	weight	P	Q	Qfitted	Qresidual
17	17	0	0.617912428504093	0.000257201833645319	0.0136954400418068	-0.0134382382081615
18	18	0	0.540337977463897	0.000272689072090906	0.0149955826614776	-0.0147228935893867
19	19	0	0.596263675880557	0.000350869798381115	0.0170568492076418	-0.0167059794092607
20	20	0	0.645504133233396	0.00034778310838697	0.0199048194728895	-0.0195570363645025
21	21	0	0.756241891884365	0.000289996913681814	0.025098409042743	-0.0248084121290612
22	22	0	0.723610698301392	0.000247806220698735	0.0314464464774643	-0.0311986402567655
23	23	0	0.736246711314577	0.00029155740268521	0.036392340682362	-0.0361007832796768
24	24	0	0.707669327317739	0.000225890137911083	0.0409706405910267	-0.0407447504531156
25	25	0	0.682181918395758	0.00017887158138375	0.0441790324197406	-0.0440001608383569
26	26	0	0.677746323139767	0.000115842997465703	0.0467305179337696	-0.0466146749363039
27	27	0	0.850266551453618	0.000136914545003288	0.0478349552920472	-0.0476980407470439
28	28	0	0.817401844065161	0.000111746496716189	0.0480125835195842	-0.047900837022868
29	29	0	0.640685592891313	0.000175864320984816	0.0498035518990484	-0.0496276875780636
30	30	0	0.377586111306877	0.000265036957588507	0.0490548124201036	-0.0487897754625151
31	31	0	0.28907100068687	0.000438653770415824	0.0480028016550931	-0.0475641478846773
32	32	0	0.236356561454011	0.00034927582590829	0.0449778183929395	-0.0446285425670312
33	33	0	0.135273942134187	0.000355649131848471	0.0410410816407091	-0.0406854325088606
34	34	0	0.1837182224184	0.000391497677466724	0.0353269364744386	-0.0349354387969719
35	35	0	0	0.000291590886154638	0.0303603904082439	-0.0300687995220893
36	36	0	0.0181292787183951	0.000325909842287808	0.0258701132267626	-0.0255442033844748
37	37	0	0.100733594374537	0.000204091651618982	0.0193931026055363	-0.0191890109539173
38	38	0	0.181415948712713	0.000161563739792842	0.0156326044264012	-0.0154710406866084
39	39	0	0.212071735825662	0.000188267194330334	0.0130550489069298	-0.0128667817125995
40	40	0	0.288818517828727	0.000222882877512149	0.00987402143997393	-0.00965113856246178
41	41	0	0.392756543582836	0.000218055013967895	0.00727849360627848	-0.00706043859231059
42	42	0	0.431491613237931	0.000266597446591903	0.00820150564023587	-0.00793490819364397
43	43	0	0.424302290050203	0.000228974503011153	0.0110508685773583	-0.0108218940743471
44	44	0	0.374094921688854	0.000239893992054411	0.0149601329255249	-0.0147202389334705
45	45	0	0.41160787393221	0.000246282344602061	0.0173266938794375	-0.0170804115348354
46	46	0	0.488881866900826	0.000255641344641923	0.0194648835740021	-0.0192092422293601
47	47	0	0.534346240089929	0.000236886731655477	0.021994377554939	-0.0217574908232835
48	48	0	0.471132101182175	0.000196179422974658	0.0252536384364559	-0.0250574590134813
49	49	0	0.423918677890411	0.000238370115957737	0.0288765969211058	-0.0286382268051481
50	50	0	0.456622034562805	0.000180269029552783	0.0299420454107592	-0.0297617763812064
51	51	0	0.411253188410836	0.000150644250749584	0.0306358737744067	-0.0304852295236572
52	52	0	0.45591913192081	0.000207098912017915	0.0309480473999973	-0.0307409484879794
53	53	0	0.261036196103074	0.000236886731655477	0.0312194817194875	-0.030982594987832
54	54	0	0.271474683064605	0.000343169153801817	0.0304618453976493	-0.0301186762438475
55	55	0	0.256510259991128	0.000325876358818379	0.0274254811588109	-0.0270996047999925
56	56	0	0.154388187490596	0.000243048453530631	0.0263762312325044	-0.0261331827789737
57	57	0	0.0779447302988743	0.000343169153801817	0.0246012151573296	-0.0242580460035278
58	58	0	0.140704793784929	0.000316550842247945	0.0215318307129156	-0.0212152798706676
59	59	0	0.115108318373441	0.000296235740258104	0.0185326583043517	-0.0182364225640936
60	60	0	0.102128060708871	0.000302476891728468	0.0159567272835068	-0.0156542503917784
61	61	0	0.200767101603592	0.000202567775522308	0.0124503270200319	-0.0122477592445096
62	62	0	0.296301592175803	0.000211963388468892	0.0115226760220774	-0.0113107126336086
63	63	0	0.399633407688995	0.00017738819708149	0.0112891672124676	-0.0111117790153861
64	64	0	0.554328602753158	0.000169475968437166	0.0113706272066056	-0.0112011512381684
65	65	0	0.709559755827938	0.000235362855558803	0.0131875393527236	-0.0129521764971648
66	66	0	0.81066463220996	0.000233802366555407	0.0174861088663682	-0.0172523064998128
67	67	0	0.761234739377032	0.000208659401021311	0.0235514901499592	-0.0233428307489379
68	68	0	0.684457739478555	0.00028060130073523	0.0287829737547917	-0.0285023724540565
69	69	0	0.838752186138773	0.000279077424638556	0.0328773549654713	-0.0325982775408328
70	70	0	0.724193601184934	0.00028060130073523	0.038199224728907	-0.0379186234281718
71	71	0	0.7386964346748	0.000307155229301361	0.0431897886401406	-0.0428826334108392
72	72	0	0.575261624337548	0.000210183277117985	0.0453406748119619	-0.0451304915348439
73	73	0	0.585424919699374	7.63496851498317e-05	0.0482238879338566	-0.0481475382487068
74	74	0	0.837093809200498	4.69462828790132e-05	0.047710237167066	-0.047663290884187
75	75	0	0.863060817777304	4.58931596665357e-05	0.0484382709181939	-0.0483923777585274
76	76	0	0.622866480060575	9.89421025092404e-05	0.0513580978565133	-0.0512591557540041
77	77	0	0.588021425802923	0.000227491118708893	0.0509396570129564	-0.0507121658942475
78	78	0	0.545901269888075	0.000203668496642694	0.0481475932306134	-0.0479439247339707
79	79	0	0.420137088695613	0.000188181258197106	0.0469354931771757	-0.0467473119189786
80	80	0	0.441554241215329	0.000193172162575724	0.0433183838843334	-0.0431252117217577
81	81	0	0.327247426889121	0.000197703299071332	0.0412094765506477	-0.0410117732515764
82	82	0	0.299316180795916	0.000186783810028074	0.0391399840745281	-0.0389532002645
83	83	0	0.280320849024614	0.000257201833645319	0.0343494077018474	-0.0340922058682021
84	84	0	0.312221653363741	0.000174380936682556	0.0314309082888714	-0.0312565273521889
85	85	0	0.334972213910937	0.000202567775522308	0.0293006329345427	-0.0290980651590204
86	86	0	0.324230956819239	0.000157073095091648	0.0280859865238094	-0.0279289134287177
87	87	0	0.427229577574066	0.000141248637803	0.0249208222584734	-0.0247795736206704
88	88	0	0.431166370281966	0.000194655546877984	0.0217839227953158	-0.0215892672484379
89	89	0	0.489791079647912	0.000210106172416849	0.0217970669410196	-0.0215869607686027
90	90	0	0.344376965377638	0.000332249664758559	0.0234385950849884	-0.0231063454202299
91	91	0	0.302586274835289	0.000300916402725072	0.0240694362283289	-0.0237685198256038
92	92	0	0.347497065003651	0.000371182575476882	0.0234245269566118	-0.0230533443811349
93	93	0	0.344984807596319	0.000282161789738626	0.023715875041096	-0.0234337132513573
94	94	0	0.365481837168403	0.000268121322688577	0.0238048696700709	-0.0235367483473823
95	95	0	0.407989355399287	0.000177347705287076	0.0241774410202393	-0.0240000933149522
96	96	0	0.299259988551139	0.0652648891717991	0.0251016686301941	0.040163220541605
97	97	0	0.282336480442339	0.0714845710989586	0.0255302830461768	0.0459542880527818
98	98	0	0.348137083297011	0.0492852168966215	0.0237000549124864	0.0255851619841351
99	99	0	0.278779818438185	0.0277779411369961	0.0239123269681979	0.0038656141687982
100	100	0	0.232332276705666	0.00888334935543842	0.0235034757405526	-0.0146201263851142
101	101	0	0.216261202146597	0.00367276786156459	0.0212051226086053	-0.0175323547470407
102	102	0	0.200395799143166	0.00264194473499084	0.0198445842736927	-0.0172026395387018
103	103	0	0.177131266377472	0.000981678141810173	0.0187524849855754	-0.0177708068437652
104	104	0	0.146474157998291	0.000960304390723591	0.0181307795863998	-0.0171704751956762
105	105	0	0.12341849773134	0.00101292779118448	0.0170105617442209	-0.0159976339530364
106	106	0	0.0928570523327252	0.0010354186154839	0.0153280106944058	-0.0142925920789219
107	107	0	0.100277968945285	0.000810438360293839	0.0133760726028808	-0.012565634242587
108	108	0	0.115157931273959	0.00107537254239548	0.0112764532278957	-0.0102010806855003
109	109	0	0.13735140948944	0.000801310685627308	0.00999437310796869	-0.00919306242234139
110	110	0	0.136986688356039	0.000939808464170325	0.00969480865965572	-0.00875500019548539
111	111	0	0.151438727734806	0.00185403688055895	0.00878857139429926	-0.00693453451374031
112	112	0	0.216900460095488	0.00163762065845684	0.00787916815449638	-0.00624154749603954
113	113	0	0.252062553762563	0.00120344963228327	0.00840865779809662	-0.00720520816581335
114	114	0	0.236515385126214	0.000922524196512398	0.00953873673558689	-0.00861621253907449
115	115	0	0.214002257761887	0.00110291384287915	0.0104787951394869	-0.00937588129660774
116	116	0	0.241649282456169	0.000805089325074032	0.0111482008565731	-0.0103431115314991
117	117	0	0.219284846299615	0.000998981440944537	0.012165083711917	-0.0111661022709724
118	118	0	0.267618292190893	0.000969349050112182	0.0130858542687135	-0.0121165052186013
119	119	0	0.2801710728416	0.175793083343885	0.0138517841431898	0.161941299200695
120	120	0	0.278719716901339	0.215962760829415	0.0153671119653066	0.200595648864108
121	121	0	0.270387165207765	0.252124895172864	0.0161584282352089	0.235966466937655
122	122	0	0.262243805012083	0.283786206905632	0.0167496350760276	0.267036571829604
123	123	0	0.254152070811283	0.280264327962047	0.0173239366070927	0.262940391354954
124	124	0	0.205111821382367	0.250750871759723	0.0178784366084919	0.232872435151231
125	125	0	0.197497373565444	0.221879465889017	0.0175564449662249	0.204323020922792
126	126	0	0.196794200541998	0.229008707415743	0.0166239269033341	0.212384780512409
127	127	0	0.223249473875601	0.221467929397412	0.0159732962503398	0.205494633147072
128	128	0	0.16813115232933	0.225095891339833	0.0158972528826574	0.209198638457176
129	129	0	0.140255517587867	0.214487591561145	0.0156158557337407	0.198871735827404
130	130	0	0.126216840245988	0.203055870202893	0.0145730946129384	0.188482775589955
131	131	0	0.12593364743995	0.18737675896505	0.0136983731522936	0.173678385812756
132	132	0	0.125652352322629	0.168649473142151	0.0122907922047794	0.156358680937372
133	133	0	0.132203457935088	0.159748579739723	0.0112088859340155	0.148539693805708
134	134	0	0.145458597787762	0.148135824809954	0.0103542721427662	0.137781552667188
135	135	0	0.145086109372269	0.159718484772485	0.00984981136680141	0.149868673405684
136	136	0	0.158145181512371	0.15679473678885	0.00932172869491029	0.14747300809394
137	137	0	0.164401955613549	0.168638451854871	0.00923588014158632	0.159402571713285
138	138	0	0.307856429547346	0.182997749144575	0.00919275245139021	0.173804996693185
139	139	0	0.319026389315347	0.211837614837939	0.00983918513357624	0.201998429704363
140	140	0	0.329950756315849	0.265081957093904	0.0115693617418457	0.253512595352058
141	141	0	0.334388816813448	0.330023798938374	0.012677972741964	0.31734582619641
142	142	0	0.282154359585597	0.473440829153656	0.0149480872731489	0.458492741880507
143	143	0	0.29964694902937	0.521117650586692	0.0165426419888695	0.504575008597823
144	144	0	0.291924359577653	0.648120876742183	0.017361732163001	0.630759144579182
145	145	0	0.253051848304455	0.555859589338578	0.0186050922539526	0.537254497084625
146	146	0	0.226932300081177	0.417171934749163	0.0192771053593205	0.397894829389843
147	147	0	0.226073939943351	0.352998994445876	0.0190223905261152	0.333976603919761
148	148	0	0.193941580345513	0.387364576456243	0.019095254876537	0.368269321579706
149	149	0	0.16188212421854	0.411238571401665	0.0188284453685045	0.39241012603316
150	150	0	0.155188384781255	0.375587249762197	0.0179351544584871	0.35765209530371
151	151	0	0.129511419492417	0.287605294256124	0.0166327062768703	0.270972587979254
152	152	0	0.110235314662098	0.272606608235314	0.0146234908710016	0.257983117364312
153	153	0	0.0781975006602948	0.254029956555583	0.0130292496122365	0.241000706943347
154	154	0	0.0395895490664451	0.223792364815079	0.0115040908343698	0.212288273980709
155	155	0	0.0330498801107382	0.191183735773346	0.00994912483068415	0.181234610942662
156	156	0	0.0330319531635368	0.171611514889836	0.00832785771824527	0.163283657171591
157	157	0	0.0201154873548823	0.1391742976579	0.00672533981381222	0.132448957844088
158	158	0	0.0459533465240298	0.129134812594764	0.00533648417223998	0.123798328422524
159	159	0	0.0329783151870657	0.112268139176799	0.00437136363374038	0.107896775543059
160	160	0	0.0587076654933476	0.108310391870876	0.00367737593551423	0.104633015935362
161	161	0	0.115728187882635	0.11015480467508	0.00274291441205461	0.107411890263025
162	162	0	0.121804049737786	0.105158697503813	0.00295772659890095	0.102200970904912
163	163	0	0.152729557295359	0.0953912875306641	0.00350418068477	0.0918871068458941
164	164	0	0.18927891315969	0.0932593210236457	0.00386544090979919	0.0893938801138465
165	165	0	0.188699726604067	0.106465085452872	0.005112377331947	0.101352708120925
166	166	0	0.19423135221875	0.1602296458092	0.00650396990967698	0.153725675899523
167	167	0	0.181451599657048	0.178691150205797	0.00777127777835255	0.170919872427444
168	168	0	0.193062450854185	0.177588111423687	0.00920185661023177	0.168386254813455
169	169	0	0.186416964463728	0.201991597804538	0.0101793363682415	0.191812261436296
170	170	0	0.161728448892838	0.175707824119518	0.0111694812187899	0.164538342900728
171	171	0	0.130981013979991	0.205632043206736	0.0118376955155572	0.193794347691179
172	172	0	0.112393036096872	0.202205795450371	0.0119902730889608	0.19021552236141
173	173	0	0.0815580049649895	0.182827880813183	0.0119583635469765	0.170869517266206
174	174	0	0.0131391661174831	0.159612573956529	0.0113737164551331	0.148238857501396
175	175	0	0.00685166947760507	0.126918658436791	0.0099726552064342	0.116946003230357
176	176	0	0	0.120571010194809	0.00837743664514767	0.112193573549661
177	177	0	0	0.096898748157667	0.00679753208167358	0.0901012160759934
178	178	0	0	0.0727333451032903	0.00507178077074727	0.067661564332543
179	179	0	0.0131350055330834	0.0573868869809822	0.00369485637011348	0.0536920306108687
180	180	0	0.0194144208864415	0.0500053693012372	0.00266352468402102	0.0473418446172162
181	181	0	0.0381322431895441	0.0450906501306005	0.00180695810216671	0.0432836920284338
182	182	0	0.0504869799698398	0.0498157290425049	0.00102422758689246	0.0487915014556124
183	183	0	0.0380788394428606	0.0478650278650296	0.000944208602696547	0.0469208192623331
184	184	0	0.0566238995704431	0.0475182260006015	0.00091251472471893	0.0466057112758826
185	185	0	0.0811497731443858	0.0464080928721919	0.000955256758932581	0.0454528361132593
186	186	0	0.105412858530958	0.0456966287817835	0.001422269832581	0.0442743589492025
187	187	0	0.105238214638437	0.0448863431266428	0.00239729641560905	0.0424890467110338
188	188	0	0.111120561614289	0.0462085299113698	0.00353125005124445	0.0426772798601254
189	189	0	0.140978754162315	0.0473285843463061	0.00428482000890112	0.043043764337405
190	190	0	0.146641388948563	0.0492295447672439	0.00521923607574414	0.0440103086914998
191	191	0	0.122409367308926	0.0526200508527983	0.00630260233119975	0.0463174485215986
192	192	0	0.116225864813842	0.142393991034297	0.00702790865601452	0.135366082378283
193	193	0	0.121955674212021	0.169447721850051	0.00741437421806447	0.162033347631987
194	194	0	0.127708386722045	0.163316605985854	0.00783398229204772	0.155482623693806
195	195	0	0.115567862163523	0.167409600717391	0.00805396223227991	0.159355638485111
196	196	0	0.103437151491431	0.166300985165186	0.00834255471987934	0.157958430445307
197	197	0	0.0613652580015298	0.165931429324128	0.00858980948922917	0.157341619834899
198	198	0	0.0492377892242324	0.161810467605391	0.008251481314734	0.153558986290657
199	199	0	0.0492004291070458	0.157397946132566	0.00736753916950487	0.150030406963061
200	200	0	0.0491631539041215	0.149461966619814	0.00671352307009553	0.142748443549718
201	201	0	0.0431316149845742	0.148058577375284	0.00612484296614639	0.141933734409138
202	202	0	0.0370571139133133	0.132283512334119	0.00536174106373282	0.126921771270386
203	203	0	0.0248944761424958	0.125399020960459	0.00453653051014823	0.120862490450311
204	204	0	0.00664790573333818	0.120603631003701	0.00398367244159008	0.116619958562111
205	205	0	0.0188411984062711	0.114663670033711	0.00334398447624971	0.111319685557461
206	206	0	0.0309141114889719	0.109818694497564	0.00267005724636096	0.107148637251203
207	207	0	0.0248634005780808	0.102470205259159	0.00221477730833803	0.100255427950821
208	208	0	0.0669686973701005	0.102739212302795	0.00169816916319385	0.101041043139601
209	209	0	0.096629541865731	0.096201262298705	0.00149454282073273	0.0947067194779723
210	210	0	0.137630777294447	0.099006679372471	0.00208514982065173	0.0969215295518193
211	211	0	0.148951167371724	0.0990573059469387	0.00296685429950578	0.0960904516474329
212	212	0	0.142849533946499	0.105659291296407	0.004077004704003	0.101582286592404
213	213	0	0.119256871761554	0.111961652476874	0.00511082807846062	0.106850824398413
214	214	0	0.124892858351448	0.112539635019427	0.00585440666806928	0.106685228351358
215	215	0	0.124656840235133	0.113752220470228	0.00645122012912548	0.107301000341103
216	216	0	0.260731559087077	0.117468211219081	0.00690132311928254	0.110566888099798
217	217	0	0.24296868267453	0.133755181371493	0.00808336195244791	0.125671819419045
218	218	0	0.225399578449164	0.156700501720801	0.0103337819229834	0.146366719797818
219	219	0	0.219044242386737	0.172378572348051	0.0111015297419427	0.161277042606108
220	220	0	0.218330841209841	0.171622703006835	0.0123466449714441	0.159276058035391
221	221	0	0.200990464664322	0.176616880425539	0.0133463108394127	0.163270569586126
222	222	0	0.155742522034831	0.170099813719354	0.0136807108748595	0.156419102844494
223	223	0	0.14979419227603	0.169702322176394	0.0135182571000313	0.156184065076363
224	224	0	0.104348516228249	0.175155723601674	0.0132648040108187	0.161890919590855
225	225	0	0.104188320321789	0.160348967370983	0.0126403463149939	0.147708621055989
226	226	0	0.120984146241192	0.151254264063676	0.0118812654630809	0.139372998600595
227	227	0	0.103844304484809	0.148080678288855	0.0115631865082884	0.136517491780567
228	228	0	0.109337512011709	0.144904238129845	0.0110923029754914	0.133811935154354
229	229	0	0.0809477256456645	0.139334687675615	0.00985274862111441	0.129481939054501
230	230	0	0.10339834146329	0.140724295078641	0.00835433973470684	0.132369955343934
231	231	0	0.0636845708164735	0.135639547330289	0.00772555930525161	0.127913988025037
232	232	0	0.06930250977938	0.140026729516346	0.00716832695601296	0.132858402560333
233	233	0	0.108658763082136	0.136626875043076	0.00612951719844116	0.130497357844635
234	234	0	0.0916642322099861	0.138322704859928	0.00582505464228962	0.132497650217638
235	235	0	0.0690312757350569	0.144904325470165	0.00593007210659017	0.138974253363575
236	236	0	0.0463107832787735	0.148428082922294	0.00570485482841525	0.142723228093879
237	237	0	0.0576246209339359	0.162219133601458	0.00543401067251427	0.156785122928944
238	238	0	0.108071801658244	0.178990949699319	0.00523200662178175	0.173758943077537
239	239	0	0.074382245710801	0.189387174025309	0.00504459376339064	0.184342580261918
240	240	0	0.0517980387596175	0.204231437699673	0.00524837877077647	0.198983058928897
241	241	0	0.0630039779423512	0.216565627501821	0.00482447728935211	0.211741150212469
242	242	0	0.0176886021211686	0.233986142358221	0.00480395717985916	0.229182185178362
243	243	0	0	0.235058762067477	0.00466922860482229	0.230389533462655
244	244	0	0	0.226813560738548	0.00373472376167877	0.223078836976869
245	245	0	0	0.20927397501252	0.00344399596210774	0.205829979050412
246	246	0	0	0.203325545711805	0.00269991792294381	0.200625627788861
247	247	0	0	0.198334174163916	0.00170671832141155	0.196627455842504
248	248	0	0	0.186212028928724	0.00138906378889199	0.184822965139832
249	249	0	0	0.173568313370132	0.00121195682636258	0.172356356543769
250	250	0	0	0.162563517685506	0.000885912494083105	0.161677605191423
251	251	0	0	0.155238938556341	0.000324903739817299	0.154914034816524
252	252	0	0	0.147330612846348	-0.0001974619822168	0.147528074828565
253	253	0	0	0.140398904091605	-0.000185946986202335	0.140584851077807
254	254	0	0	0.13298374509547	-0.000306911047373663	0.133290656142844
255	255	0	0	0.123172214749022	-0.000358263773722923	0.123530478522745
256	256	0	0.0290242792449433	0.117777444491504	-0.000159877984296025	0.1179373224758
257	257	0	0.096419780898767	0.114455600284534	-0.000100724187814745	0.114556324472349
258	258	0	0.0628171047430683	0.132660934662006	0.000628435364650774	0.132032499297355
259	259	0	0.167491867109945	0.127368351103796	0.00127087987247566	0.12609747123132
260	260	0	0.177887790677456	0.12276261173586	0.00193338172861787	0.120829230007242
261	261	0	0.214940265594915	0.142904874473924	0.00394089941803963	0.138963975055884
262	262	0	0.26176740275524	0.158178834301951	0.00517169700663163	0.153007137295319
263	263	0	0.239830562132045	0.175164333706893	0.00726917310384613	0.167895160603047
264	264	0	0.275505134291063	0.198606898511838	0.00934813967557169	0.189258758836266
265	265	0	0.258906208625373	0.223234387151996	0.0109734563246719	0.212260930827324
266	266	0	0.252757462121973	0.240960197471464	0.0128823182318684	0.228077879239596
267	267	0	0.21042369371818	0.221162192360214	0.0144574454568185	0.206704746903395
268	268	0	0.204577755661631	0.213718678319819	0.0154063113778333	0.198312366941986
269	269	0	0.119921651311724	0.217488868310287	0.0161640258156184	0.201324842494669
270	270	0	0.167207763410691	0.210131484957292	0.0157410849663953	0.194390399990897
271	271	0	0.0767447737071727	0.201255784276935	0.0149780429902654	0.18627774128667
272	272	0	0.065871887828127	0.189903314150246	0.0147276203518115	0.175175693798434
273	273	0	0.0496365907729341	0.180961982795987	0.0123053098991291	0.168656672896858
274	274	0	0.0333358469210552	0.160715720926065	0.011066393396715	0.14964932752935
275	275	0	0.0657363541899159	0.149856458996179	0.00902607587886626	0.140830383117313
276	276	0	0.0924240741239188	0.140727044038433	0.0072940564708947	0.133432987567538
277	277	0	0.129353539210001	0.13899552248774	0.00631111414989444	0.132684408337846
278	278	0	0.134334649932399	0.130981542745498	0.00572152642831809	0.12526001631718
279	279	0	0.107829232304926	0.12737104718415	0.00550959142245707	0.121861455761693
280	280	0	0.0759494702531036	0.125702735142585	0.00570799119673952	0.119994743945845
281	281	0	0.0917402746696325	0.127682867967117	0.00545399867550945	0.122228869291608
282	282	0	0.107422706998175	0.12030526534265	0.00546053463303255	0.114844730709617
283	283	0	0.1747686795125	0.120899281581474	0.00567087878369787	0.115228402797776
284	284	0	0.153761890067202	0.127401075883161	0.00602597892956449	0.121375096953597
285	285	0	0.179088029626048	0.130962450019676	0.00744041637211106	0.123522033647565
286	286	0	0.178653245869679	0.130278670023991	0.00802410417307886	0.122254565850912
287	287	0	0.137321411241246	0.134326724421419	0.00933257538189986	0.124994149039519
288	288	0	0.162645008231259	0.14349256572873	0.00979843092391011	0.13369413480482
289	289	0	0.182555786308324	0.136657046611418	0.00971679796743547	0.126940248643983
290	290	0	0.161890482007816	0.130650643719177	0.0101871005417967	0.12046354317738
291	291	0	0.216728412567935	0.123766129988686	0.0101717050607861	0.1135944249279
292	292	0	0.235915056639367	0.121550225875039	0.0103647853052271	0.111185440569812
293	293	0	0.249925197849965	0.12217947006864	0.0118639501886817	0.110315519879958
294	294	0	0.263701153528157	0.121856705100439	0.0127433304876607	0.109113374612778
295	295	0	0.26278182499377	0.127010146197147	0.0136143523649635	0.113395793832183
296	296	0	0.266721726231445	0.121235605731926	0.0143865413888095	0.106849064343116
297	297	0	0.236786640851712	0.120899281581474	0.0148519621583644	0.10604731942311
298	298	0	0.231232916761254	0.11344031941139	0.0154710233488702	0.0979692960625198
299	299	0	0.216024349225695	0.113220053175523	0.0156521008263172	0.0975679523492058
300	300	0	0.229886665591788	0.110103710944358	0.0159647467885796	0.0941389641557784
301	301	0	0.238801716171373	0.110103710944358	0.0161904337655613	0.0939132771787967
302	302	0	0.252349457342987	0.116849740311694	0.0161704674037535	0.10067927290794
303	303	0	0.256228180042129	0.113144582118999	0.0163504072672538	0.0967941748517452
304	304	0	0.264798253597295	0.114975575091796	0.0165778907641566	0.0983976843276394
305	305	0	0.26861381250075	0.117457398335512	0.0163979766540499	0.101059421681462
306	306	0	0.300201613253126	0.118097467135098	0.0164730293279259	0.101624437807172
307	307	0	0.308229051913472	0.126402656234371	0.0166386007982038	0.109764055436167
308	308	0	0.348039281339727	0.137655340606537	0.017116592764103	0.120538747842434
309	309	0	0.364515280011222	0.165916752356284	0.0176648490336614	0.148251903322623
310	310	0	0.398542739946965	0.25532804128547	0.0187668624231533	0.236561178862317
311	311	0	0.365503521276981	0.290921343731185	0.0201351066537933	0.270786237077392
312	312	0	0.337219517037546	0.292984453671264	0.0215335924312929	0.271450861239971
313	313	0	0.357909590786115	0.310634416413507	0.0221152041391484	0.288519212274359
314	314	0	0.329888677108144	0.312694309216426	0.0227312501752351	0.289963059041191
315	315	0	0.359273079159202	0.308171410588096	0.0231300445425725	0.285041366045524
316	316	0	0.313932860216806	0.302291593077414	0.0232785825598373	0.279013010517577
317	317	0	0.24644446971535	0.292881494220972	0.0237964479286116	0.26908504629236
318	318	0	0.160107993130367	0.286769156338833	0.0233980094368817	0.263371146901951
319	319	0	0.136907376438142	0.264050923055419	0.0220205360947917	0.242030386960627
320	320	0	0.150400870839416	0.249191925694973	0.0200477344506318	0.229144191244341
321	321	0	0.163777590647335	0.226350352495692	0.0181894139457558	0.208160938549936
322	322	0	0.163454053608532	0.212686863349011	0.0162707063599873	0.196416156989024
323	323	0	0.15861485752918	0.200511740147851	0.0146898016359436	0.185821938511907
324	324	0	0.171838746522898	0.188135141875727	0.013192931568751	0.174942210306976
325	325	0	0.162486042692702	0.178576586723122	0.012480035894909	0.166096550828213
326	326	0	0.206767282891331	0.174690905421055	0.0116169900260878	0.163073915394967
327	327	0	0.184080418264433	0.167417983174427	0.0110437948828484	0.156374188291579
328	328	0	0.18367689004797	0.166709581670907	0.0109480699841287	0.155761511686778
329	329	0	0.192108734267052	0.167202359532966	0.0102956214058051	0.156906738127161
330	330	0	0.222381245839511	0.160441079342754	0.0105858750088333	0.149855204333921
331	331	0	0.24346305260379	0.170900448895681	0.0114445682674028	0.159455880628278
332	332	0	0.281369206374062	0.171983841783444	0.012543498048938	0.159440343734506
333	333	0	0.288955471857676	0.177428847150178	0.0134529348940878	0.16397591225609
334	334	0	0.329982622697649	0.185758142735485	0.0144428784663909	0.171315264269094
335	335	0	0.349524206700341	0.203908062764399	0.0153200967959858	0.188587965968413
336	336	0	0.298232847326968	0.20840218135675	0.017026093662383	0.191376087694367
337	337	0	0.309684482375776	0.217460304081542	0.0180776776446546	0.199382626436887
338	338	0	0.320972390945414	0.213149884228142	0.0186500452621228	0.194499838966019
339	339	0	0.344397390436487	0.213975981465753	0.0195149708244519	0.194461010641301
340	340	0	0.351169753391506	0.211817953129711	0.0200801325774781	0.191737820552233
341	341	0	0.341670516055022	0.202476597175659	0.0210644170759749	0.181412180099684
342	342	0	0.320081375252965	0.197925301838085	0.0219697408138122	0.175955561024273
343	343	0	0.266038093356666	0.188115378627555	0.0224243489599235	0.165691029667632
344	344	0	0.277488272955409	0.178193037964515	0.0221270589834418	0.156065978981073
345	345	0	0.25625859989459	0.166292568100737	0.0215871396843808	0.144705428416356
346	346	0	0.259568158207038	0.154877673577947	0.021100152442235	0.133777521135712
347	347	0	0.242558858812632	0.144609187726716	0.0202550461773071	0.124354141549409
348	348	0	0.25002959371314	0.140376894201267	0.0193203187813939	0.121056575419873
349	349	0	0.26546119114014	0.128662141461074	0.0186695024713964	0.109992638989678
350	350	0	0.304588614067129	0.124422531289051	0.0184392375829201	0.105983293706131
351	351	0	0.335079714815148	0.119640797101648	0.0181175862058627	0.101523210895785
352	352	0	0.365037563673386	0.118089349685605	0.0182625694028384	0.0998267802827666
353	353	0	0.402066736927686	0.117449276888556	0.0184528803957307	0.0989963964928253
354	354	0	0.430747629385252	0.123136893587605	0.0192728277528045	0.103864065834801
355	355	0	0.46638498696095	0.121569168042836	0.0204683661656482	0.101100801877188
356	356	0	0.343203418679909	0.128645763685848	0.0225503844482572	0.106095379237591
357	357	0	0.326636189865038	0.130617820303042	0.0240052084614478	0.106612611841594
358	358	0	0.291043564031746	0.13732994977662	0.0239215238885491	0.113408425888071
359	359	0	0.286278979347866	0.153785669549453	0.024360196238354	0.129425473311099
360	360	0	0.277748509797362	0.162530099146946	0.023910866117168	0.138619233029778
361	361	0	0.25007033222241	0.172011866733863	0.0235877651511327	0.14842410158273
362	362	0	0.272368264003678	0.175474738402828	0.0229062015381681	0.15256853686466
363	363	0	0.298136980234581	0.172776070825946	0.0218880816994341	0.150887989126512
364	364	0	0.201716926621035	0.169346763639239	0.0212840704198068	0.148062693219432
365	365	0	0.216705709466233	0.161479868305967	0.0203567814441647	0.141123086861802
366	366	0	0.185333843761821	0.152688116933465	0.0184513955211849	0.13423672141228
367	367	0	0.153807643320654	0.140037725335879	0.017474381898967	0.122563343436912
368	368	0	0.12209698629669	0.131938897813714	0.0154137594489462	0.116525138364768
369	369	0	0.129825838005051	0.127072797113127	0.0138516206787258	0.113221176434401
370	370	0	0.0980004235100509	0.11531995015026	0.0133202251470166	0.101999725003243
371	371	0	0.113747355639688	0.109818706638997	0.0121873834535123	0.0976313231854847
372	372	0	0.137219902019215	0.103338748302183	0.0107490701762251	0.0925896781259579
373	373	0	0.148734366895816	0.0964624064568284	0.010152368443948	0.0863100380128804
374	374	0	0.171699382894005	0.0915621700290146	0.00955217105016063	0.082009998978854
375	375	0	0.167541469283748	0.0877384620593297	0.00927048756902625	0.0784679744903035
376	376	0	0.171096729964589	0.0882714908083204	0.00891001112311985	0.0793614796852005
377	377	0	0.193713962349712	0.0846191190323375	0.00892550410869897	0.0756936149236385
378	378	0	0.216011672110838	0.0840861300796462	0.00948163152800234	0.0746044985516439
379	379	0	0.230520544186511	0.0825186048566595	0.0100117672114378	0.0725068376452217
380	380	0	0.255991666456495	0.0853687852231631	0.010836569324204	0.0745322158989591
381	381	0	0.255321630564254	0.0861683129880403	0.0119923013969261	0.0741760115911142
382	382	0	0.283955722963718	0.0890868538448516	0.0131466315779487	0.0759402222669029
383	383	0	0.261225967166759	0.0945466354353871	0.0142067829982888	0.0803398524370983
384	384	0	0.27513887055229	0.103946168693655	0.015476233685493	0.088469935008162
385	385	0	0.321232366867356	0.106543900867659	0.0159032407295858	0.0906406601380732
386	386	0	0.334449248308552	0.103602401127186	0.0168041068982471	0.0867982942289389
387	387	0	0.333326338220502	0.101313834361293	0.0178972924172574	0.0834165419440356
388	388	0	0.289545350928215	0.102209074288679	0.018839893575438	0.083369180713241
389	389	0	0.288708583913539	0.0984338897140829	0.0196581688839889	0.078775720830094
390	390	0	0.234191444098194	0.100157608940189	0.0200832582763883	0.0800743506638007
391	391	0	0.219194939653413	0.108329206704407	0.0200247797640825	0.0883044269403245
392	392	0	0.171404094612519	0.108339882713663	0.0194051731147189	0.0889347095989441
393	393	0	0.182083418479834	0.105944340364961	0.0185973479441377	0.0873469924208233
394	394	0	0.148759231794969	0.103610413921988	0.0174123265433566	0.0861980873786314
395	395	0	0.115158386447447	0.0981568203173922	0.016477736423924	0.0816790838934682
396	396	0	0.126202379325633	0.0945254530394595	0.014863831452944	0.0796616215865155
397	397	0	0.144491775722443	0.0890868668496693	0.0136424007951853	0.075444466054484
398	398	0	0.15163246091462	0.0856326691462028	0.012350231330202	0.0732824378160008
399	399	0	0.162355701482824	0.0827851037845281	0.0110813463959565	0.0717037573885716
400	400	0	0.201819670369019	0.0794699979066544	0.0100508657280993	0.0694191321785551
401	401	0	0.258168823323913	0.079725996866739	0.00984627455318735	0.0698797223135516
402	402	0	0.306221616923906	0.0777353384551321	0.0101964455131038	0.0675388929420283
403	403	0	0.322533033137958	0.0820065888251912	0.0112264404670467	0.0707801483581445
404	404	0	0.34540498907328	0.0858886638969489	0.0128038112690007	0.0730848526279482
405	405	0	0.364531165217578	0.0917968874252019	0.0144333809013576	0.0773635065238443
406	406	0	0.376688114152635	0.095362011476736	0.0163070135113016	0.0790549979654344
407	407	0	0.395319543948744	0.10715154331308	0.0179636321195953	0.0891879111934847
408	408	0	0.413672010277999	0.115930228525865	0.0199507377092359	0.0959794908166291
409	409	0	0.372442768461688	0.125729923134631	0.0220414328477168	0.103688490286914
410	410	0	0.357891905521875	0.129614062431973	0.0234544035809034	0.10615965885107
411	411	0	0.389576198262304	0.123462388957878	0.0240571570314128	0.0994052319264652
412	412	0	0.37178030118006	0.11651893649928	0.0250618813083093	0.0914570551909707
413	413	0	0.347570323651098	0.110404834833623	0.0258460600612099	0.0845587747724131
414	414	0	0.240256820203925	0.10711664137011	0.0258599828308606	0.0812566585392494
415	415	0	0.233013696295892	0.100762378896214	0.0250852760431626	0.0756771028530514
416	416	0	0.269247376371439	0.0898864077915167	0.0233411157556785	0.0665452920358382
417	417	0	0.221832894365875	0.0807265263383959	0.0224504223952886	0.0582761039431073
418	418	0	0.204542252572672	0.0757680546148639	0.0213407117574914	0.0544273428573725
419	419	0	0.217617139734301	0.0704663370664852	0.0195579095849903	0.0509084274814949
420	420	0	0.217179754873747	0.0647041413514299	0.0183484134493556	0.0463557279020743
421	421	0	0.223399098823222	0.0611485958681618	0.0171315590549143	0.0440170368132475
422	422	0	0.239539422228681	0.0587712918039266	0.0159030729663951	0.0428682188375315
423	423	0	0.255474955956231	0.0560507364491787	0.0156841147885438	0.0403666216606349
424	424	0	0.281012870551358	0.0537999809322508	0.0152517746596623	0.0385482062725885
425	425	0	0.312583545699461	0.0527568052430001	0.0147744807184482	0.0379823245245519
426	426	0	0.324506736345995	0.0527794208831467	0.0151995839150133	0.0375798369681334
427	427	0	0.339436664751609	0.0535752310540783	0.0163049841611712	0.0372702468929071
428	428	0	0.379333211306488	0.0570813528245415	0.017637075191641	0.0394442776329005
429	429	0	0.334081677079588	0.0596708625660727	0.0187551892260616	0.0409156733400111
430	430	0	0.370675255079185	0.0638120715379946	0.0197235869758242	0.0440884845621704
431	431	0	0.403546296936767	0.0690472504070925	0.0205757947214059	0.0484714556856866
432	432	0	0.423604411616303	0.0737981970409436	0.0220575727028859	0.0517406243380577
433	433	0	0.369810275219841	0.0784616372564541	0.023360739500046	0.0551008977564081
434	434	0	0.353213229664277	0.0762228203084989	0.0243273902424206	0.0518954300660783
435	435	0	0.330521313056529	0.0769751546421226	0.0247378823627831	0.0522372722793395
436	436	0	0.320304879627301	0.0752535014534348	0.0250400348157652	0.0502134666376696
437	437	0	0.294665610393551	0.0730744398179752	0.024678219621914	0.0483962201960612
438	438	0	0.278433556039687	0.0702207850513432	0.0242306348572434	0.0459901501940998
439	439	0	0.255976417921516	0.0676514026476136	0.0234105129262315	0.0442408897213821
440	440	0	0.239813359051858	0.0644971027392591	0.0225749083959559	0.0419221943433032
441	441	0	0.220545737556108	0.0602998485268231	0.0212662880007186	0.0390335605261045
442	442	0	0.229504324380585	0.0570762907374179	0.0201382565888659	0.036938034148552
443	443	0	0.232147506483322	0.0531685178921629	0.0191552692411096	0.0340132486510533
444	444	0	0.231680975315321	0.0496086645819759	0.0179686201292087	0.0316400444527672
445	445	0	0.252859574815325	0.0452283110788139	0.0166657766894104	0.0285625343894035
446	446	0	0.273776538864489	0.0445170796833895	0.0159866727230972	0.0285304069602923
447	447	0	0.300443888007699	0.0426907102320309	0.0160292375940833	0.0266614726379476
448	448	0	0.314712973061539	0.0402269755340963	0.0161829669740087	0.0240440085600876
449	449	0	0.343712904398792	0.0403943689926735	0.0166075834212482	0.0237867855714253
450	450	0	0.372275381107109	0.0412754850724934	0.0172829003651628	0.0239925847073306
451	451	0	0.374042531657544	0.0426931568129035	0.0184053015695404	0.0242878552433631
452	452	0	0.366988294403413	0.047860045008527	0.0196380241480888	0.0282220208604382
453	453	0	0.357073516018851	0.0604967719843887	0.0207851811626928	0.0397115908216959
454	454	0	0.3325991703962	0.0635794521037014	0.0218799760971261	0.0416994760065754
455	455	0	0.325820874837142	0.0716398433652488	0.0226094951080791	0.0490303482571697
456	456	0	0.322000195286783	0.0807526618638642	0.0228316014678927	0.0579210603959715
457	457	0	0.332800817343362	0.085131148418147	0.0230996597161132	0.0620314887020338
458	458	0	0.293997032225406	0.0869520887618359	0.023286691204057	0.0636653975577789
459	459	0	0.304946595433577	0.0885511793436088	0.0230706872724798	0.065480492071129
460	460	0	0.304176087508871	0.0877437229911422	0.022468816588627	0.0652749064025152
461	461	0	0.338025046355376	0.0851180337177271	0.0221342799416385	0.0629837537760886
462	462	0	0.316969206236976	0.0814971697826058	0.0217818902711368	0.059715279511469
463	463	0	0.316143390822418	0.0745427321276012	0.0215366615598507	0.0530060705677505
464	464	1	0.289478656845361	0.0704456712712898	0.0210691743334728	0.049376496937817
465	465	1	0.159614396603985	0.0658390990673172	0.021181895528375	0.0446572035389422
466	466	1	0.104675695476871	0.0609542161281111	0.0202719127975916	0.0406823033305195
467	467	1	0.116856992476293	0.0566696191950751	0.0182607928005936	0.0384088263944815
468	468	1	0.0890438293573936	0.0519635238171269	0.01675797746813	0.0352055463489969
469	469	1	0.101318433702346	0.0486357998815035	0.015033000136535	0.0336027997449685
470	470	1	0.134776519595945	0.0435964562397092	0.0127460909887311	0.0308503652509781
471	471	1	0.143680068400649	0.0428629792566647	0.0116513848543762	0.0312115944022885
472	472	1	0.176356183139859	0.0393629885286394	0.0108139804305778	0.0285490080980616
473	473	1	0.170183401258846	0.0390037392553469	0.00987733172647561	0.0291264075288713
474	474	1	0.196463736353046	0.0393507632665971	0.0095286492145263	0.0298221140520708
475	475	1	0.228171816823064	0.0386860053024727	0.00901651930737929	0.0296694859950934
476	476	1	0.239298152569518	0.0417948242298413	0.00926158920799303	0.0325332350218483
477	477	1	0.224430564703951	0.043404455963518	0.00982974241678257	0.0335747135467354
478	478	1	0.209586015600301	0.0470992441776521	0.0109180839688829	0.0361811602087692
479	479	1	0.206332648138876	0.048057095293531	0.0123929358394211	0.0356641594541099
480	480	1	0.21754454398701	0.0550252026343228	0.0132119644127817	0.0418132382215411
481	481	1	0.220027295003433	0.0579250580719931	0.0136874800355719	0.0442375780364212
482	482	1	0.205270580075194	0.0554596868838238	0.0144331318537453	0.0410265550300785
483	483	1	0.167306792918666	0.0541840207117268	0.014681268549632	0.0395027521620948
484	484	1	0.152465569975547	0.0531785587387787	0.0144901763623902	0.0386883823763885
485	485	1	0.125750743558193	0.0513748369214996	0.0139859316514935	0.0373889052700061
486	486	1	0.104805182708624	0.0492070355399429	0.0133791930001612	0.0358278425397817
487	487	1	0.104717832905244	0.0465354772130606	0.0124520268921668	0.0340834503208938
488	488	1	0.0866255332857975	0.0439582901500206	0.0113158001454632	0.0326424900045574
489	489	1	0.0500900122443966	0.0407438568187386	0.0102374735444499	0.0305063832742887
490	490	1	0.0408466539456782	0.0360412974618362	0.00896487019055803	0.0270764272712782
491	491	1	0.0469899043501414	0.0314599838484695	0.00772906035862912	0.0237309234898404
492	492	1	0.0469723829458886	0.0291977401583566	0.00678373105148803	0.0224140091068686
493	493	1	0.068328303058081	0.0270855218308458	0.00565810006095777	0.021427421769888
494	494	1	0.080387184758294	0.0244848003929261	0.00467999398597976	0.0198048064069463
495	495	1	0.127941461606675	0.0230632925103109	0.00416223674921191	0.018901055761099
496	496	1	0.168597498963003	0.0224056381366214	0.00408225448182436	0.018323383654797
497	497	1	0.171251669674248	0.0227909537197578	0.00484959056188738	0.0179413631578704
498	498	1	0.171020397438028	0.0267333150832023	0.00577160555718168	0.0209617095260206
499	499	1	0.19080003772283	0.0277690661329248	0.00664727676257304	0.0211217893703518
500	500	1	0.187675776581258	0.0274847475969711	0.00767089278944674	0.0198138548075244
501	501	1	0.210040322322335	0.0279076681046784	0.00864893283843687	0.0192587352662415
502	502	1	0.195606166212386	0.030533068067278	0.00971563784672129	0.0208174302205567
503	503	1	0.262271462214095	0.0311709660114317	0.0109245446537662	0.0202464213576655
504	504	1	0.25347713748517	0.0292144065975891	0.0119418545446079	0.0172725520529812
505	505	1	0.244679226498363	0.0336150914173128	0.0134603977191879	0.0201546936981249
506	506	1	0.24146228838665	0.037159794421414	0.0142382583098247	0.0229215361115893
507	507	1	0.213322117073872	0.0414403977618246	0.0150944705576223	0.0263459272042023
508	508	1	0.18504449430305	0.042496246359274	0.0155659540873341	0.0269302922719399
509	509	1	0.153733701537206	0.0426759117415779	0.0152261330415802	0.0274497786999977
510	510	1	0.153550916194206	0.0403845491643753	0.0146423621958608	0.0257421869685145
511	511	1	0.15055276563784	0.0361893609992525	0.0142319297766175	0.021957431222635
512	512	1	0.110330952896092	0.0331419741102662	0.013668097906045	0.0194738762042212
513	513	1	0.0870007894689593	0.0323462132830458	0.0129121360499317	0.0194340772331141
514	514	1	0.0811021807118095	0.0287677117943618	0.0117432798934644	0.0170244319008974
515	515	1	0.0898063397838627	0.0266412912432487	0.0106336708088877	0.016007620434361
516	516	1	0.0663303147405259	0.0252764539801226	0.00950218794203335	0.0157742660380893
517	517	1	0.0721817284908184	0.023582557776945	0.00804395054876434	0.0155386072281807
518	518	1	0.0779959138128135	0.0219143582245056	0.00699081155983241	0.0149235466646732
519	519	1	0.129852723148431	0.0214160942679418	0.00615887413016974	0.0152572201377721
520	520	1	0.149553251525617	0.0192549013987658	0.00566675018825446	0.0135881512105113
521	521	1	0.143738567341892	0.0197254328263958	0.00608979700689343	0.0136356358195024
522	522	1	0.177152766466968	0.019024226941279	0.00643979649346636	0.0125844304478126
523	523	1	0.190763794653506	0.0197300278411348	0.00698047629536865	0.0127495515457662
524	524	1	0.253129179289004	0.0211739063469521	0.00762956499871898	0.0135443413482331
525	525	1	0.22561625195663	0.0221588474112757	0.00876645499874461	0.0133923924125311
526	526	1	0.164948499155429	0.0234370137331651	0.0105926701239714	0.0128443436091937
527	527	1	0.197752290153154	0.0263617224088383	0.0112745023858555	0.0150872200229828
528	528	1	0.232711671005184	0.0283471892073351	0.0115919145019148	0.0167552747054203
529	529	1	0.194375288149146	0.0304040953438421	0.0127641830223589	0.0176399123214832
530	530	1	0.196818267015814	0.031297548836517	0.0134805675703545	0.0178169812661625
531	531	1	0.19380134961294	0.0309773782051369	0.0136161743585104	0.0173612038466265
532	532	1	0.204373233019759	0.0317394362210696	0.0140430729206473	0.0176963633004223
533	533	1	0.130055852314698	0.0312951260832107	0.0138684563991919	0.0174266696840188
534	534	1	0.124337131029804	0.029360149240136	0.0136383223774041	0.0157218268627319
535	535	1	0.140898514784048	0.0280533714135664	0.0128076126925217	0.0152457587210447
536	536	1	0.154510490169621	0.0286219952301617	0.0121940583492946	0.0164279368808671
537	537	1	0.181603111350768	0.0262607267863322	0.0112596598628583	0.0150010669234739
538	538	1	0.154121696790561	0.0242287371981418	0.0107013064364163	0.0135274307617255
539	539	1	0.15669671267684	0.0239492095092129	0.011015459049148	0.0129337504600649
540	540	1	0.159235995087997	0.0220435544308581	0.0109364735407097	0.0111070808901484
541	541	1	0.175335681852417	0.0209271084738179	0.0103906188341082	0.0105364896397097
542	542	1	0.199278108777754	0.0200898469295713	0.0102367007815465	0.00985314614802478
543	543	1	0.209640428041425	0.0189180569933586	0.0105428169679345	0.00837524002542414
544	544	1	0.23048764511384	0.018458963744769	0.010878893089151	0.00758007065561805
545	545	1	0.271908727229594	0.0173466335864731	0.0111897083556591	0.00615692523081404
546	546	1	0.2739516585169	0.0176743791486481	0.0121547404761609	0.0055196386724872
547	547	1	0.286292585678297	0.019026513074321	0.0137625297166668	0.00526398335765422
548	548	1	0.301081248942268	0.0183596212187419	0.0146361953720812	0.00372342584666073
549	549	1	0.308054437613535	0.0192709345925452	0.0156757444047715	0.0035951901877737
550	550	1	0.317520778988758	0.0214068448683313	0.0165504839409679	0.00485636092736339
551	551	1	0.336979580624558	0.0242404313885334	0.0173875753934445	0.00685285599508885
552	552	1	0.33112174267351	0.0272667884917572	0.018664180230689	0.00860260826106816
553	553	1	0.352889410954404	0.0320428310995207	0.0197056862752022	0.0123371448243185
554	554	1	0.346981688648725	0.0342266323466795	0.0205053070953155	0.013721325251364
555	555	1	0.336152250824007	0.0345541454106645	0.0214275404912512	0.0131266049194133
556	556	1	0.305375207059683	0.0366818806537792	0.02195089549406	0.0147309851597192
557	557	1	0.284666357915818	0.0393458766269566	0.0222590877746081	0.0170867888523485
558	558	1	0.279071261911326	0.0397100477004367	0.0219859168293095	0.0177241308711272
559	559	1	0.248315234099692	0.0386909036614997	0.0216029450338501	0.0170879586276496
560	560	1	0.222539665149768	0.0361602202695324	0.0211635467266228	0.0149966735429096
561	561	1	0.204356916258696	0.0339257282058028	0.0202863123133621	0.0136394158924407
562	562	1	0.204058440992327	0.0312927541127683	0.0192314663581503	0.012061287754618
563	563	1	0.193533054807943	0.0276233628240368	0.018206805707099	0.00941655711693783
564	564	1	0.190693345308247	0.0260868766163992	0.0170723080186064	0.00901456859779284
565	565	1	0.172473780010442	0.0255466040014014	0.0160046091095907	0.00954199489181072
566	566	1	0.187660253542724	0.0235615847163285	0.0149694039060616	0.00859218081026688
567	567	1	0.222878618959747	0.0236954489536879	0.0137482373148445	0.00994721163884335
568	568	1	0.237570381784472	0.0235638939260764	0.0132707466672459	0.0102931472588305
569	569	1	0.242176948037873	0.0233008120366039	0.0132453249660725	0.0100554870705314
570	570	1	0.244236110439616	0.0242286813602373	0.0134383789989909	0.0107903023612464
571	571	1	0.256210767551181	0.0251590067969676	0.0136732607847459	0.0114857460122217
572	572	1	0.270509405257101	0.0273532534778288	0.0140410070650409	0.0133122464127879
573	573	1	0.274914424661276	0.0306787846314781	0.0146925995448081	0.01598618508667
574	574	1	0.281698449454275	0.0319019412331247	0.0154730168767969	0.0164289243563278
575	575	1	0.286017764770889	0.0383267915278097	0.0161452894900831	0.0221815020377266
576	576	1	0.287866525329164	0.0425208876825354	0.0167931378154196	0.0257277498671159
577	577	1	0.277604371987472	0.0467449407346211	0.0174663370521707	0.0292786036824504
578	578	1	0.274633236286164	0.0499852981415791	0.0180639502853753	0.0319213478562038
579	579	1	0.27410979645186	0.0531685388724664	0.0185106196233953	0.0346579192490711
580	580	1	0.259081641033589	0.0531685388724664	0.0186537638477143	0.0345147750247521
581	581	1	0.236768531238681	0.0472937865920273	0.0185535507826006	0.0287402358094267
582	582	1	0.224190237799782	0.0445245542842854	0.0183062057966807	0.0262183484876047
583	583	1	0.191929431106296	0.0386909331053529	0.0180129704632751	0.0206779626420778
584	584	1	0.174370775682902	0.0334863940139426	0.017490227436276	0.0159961665776666
585	585	1	0.15171116989535	0.0318875374506382	0.0165234639929673	0.0153640734576709
586	586	1	0.146541409512388	0.0269516297910229	0.0155253841389074	0.0114262456521155
587	587	1	0.151400458156196	0.0243555757627268	0.0143732055281674	0.00998237023455945
588	588	1	0.153743815148296	0.0221588402634872	0.0133273551567345	0.00883148510675269
589	589	1	0.156079766020603	0.0202051692209093	0.0124317860111747	0.00777338320973461
590	590	1	0.17325631168233	0.0186942332169949	0.0116614121671174	0.00703282104987747
591	591	1	0.195135283946534	0.0180113161920415	0.011115852947553	0.00689546324448855
592	592	1	0.214292549086508	0.017776069570557	0.0108831657604996	0.00689290381005735
593	593	1	0.233268480513551	0.0161552784038021	0.0108768563629736	0.00527842204082849
594	594	1	0.254390699888411	0.0156375926398311	0.011273408120018	0.00436418451981306
595	595	1	0.277635875875248	0.0164830390592039	0.0119274648417284	0.00455557421747552
596	596	1	0.298255635037386	0.016607458774237	0.0128390742162485	0.00376838455798852
597	597	1	0.323293386430777	0.0163677653050158	0.0140263579752311	0.00234140732978466
598	598	1	0.32258827476894	0.0189111758455776	0.0154209880531195	0.00349018779245809
599	599	1	0.33807810209165	0.0193817072732076	0.0168421512416261	0.00253955603158145
600	600	1	0.337310521576832	0.0220713306546833	0.0180216007560741	0.0040497298986092
601	601	1	0.329651236083478	0.0266601559875518	0.0192658179530381	0.00739433803451365
602	602	1	0.33351252060811	0.0290567667765467	0.0202107079757566	0.0088460588007901
603	603	1	0.325903924665191	0.0299406438698741	0.0209951949270818	0.00894544894279234
604	604	1	0.322912898972682	0.0302296858837529	0.0215857172163513	0.00864396866740164
605	605	1	0.299332536199081	0.0286362572995606	0.0219081360930722	0.00672812120648836
606	606	1	0.291866087025056	0.0276328620818518	0.0220088196842371	0.00562404239761474
607	607	1	0.252199517234743	0.0260986400235677	0.0219015545400764	0.00419708548349132
608	608	1	0.242520095927965	0.0256757870032743	0.0214631023738425	0.00421268462943175
609	609	1	0.228217346360601	0.0221704490077405	0.020577269795484	0.00159317921225651
610	610	1	0.220903247561537	0.0206757006485393	0.0197354631272844	0.000940237521254942
611	611	1	0.218277494293964	0.019388573087069	0.0187043729328891	0.000684200154179946
612	612	1	0.21331464767853	0.0181380140945775	0.0178119213873904	0.000326092707187114
613	613	1	0.219957482392957	0.0168989704925187	0.0168846364202803	1.43340722384144e-05
614	614	1	0.23809153624633	0.0157505793642814	0.0161434589496491	-0.000392879585367663
615	615	1	0.242302603212863	0.0158388147339094	0.0156171375414566	0.000221677192452811
616	616	1	0.262433311537777	0.0156330915663054	0.0153128574447348	0.000320234121570621
617	617	1	0.264267421812868	0.015942799546276	0.0151320380064973	0.000810761539778691
618	618	1	0.266068814176506	0.0151198904379376	0.0153477879356015	-0.00022789749766391
619	619	1	0.267860866272088	0.0159540398718013	0.0155541630763627	0.000399876795438594
620	620	1	0.287626229659189	0.0170256053684994	0.0158752198992063	0.0011503854692931
621	621	1	0.311605750767846	0.0171318447972624	0.0164349758725611	0.000696868924701267
622	622	1	0.330917700378087	0.0198637144668434	0.0170983260156468	0.00276538845119663
623	623	1	0.325813933672592	0.0211646716950024	0.0179629942227417	0.00320167747226068
624	624	1	0.298610835263823	0.0230400533967551	0.01890467970889	0.00413537368786507
625	625	1	0.271403577990888	0.025556022814533	0.0195406547737676	0.0060153680407654
626	626	1	0.257578220596891	0.0271980707610017	0.019821037578647	0.00737703318235471
627	627	1	0.254935510658498	0.0266389330921808	0.0197060771357287	0.00693285595645213
628	628	1	0.234427843111028	0.0251425614933093	0.0194929886641886	0.00564957282912074
629	629	1	0.234077247732145	0.0231646031922542	0.0190789004449248	0.00408570274732945
630	630	1	0.206816751654102	0.0210401147517147	0.0185010428027399	0.00253907194897484
631	631	1	0.190739663389138	0.0192686561775062	0.0180198430150472	0.00124881316245897
632	632	1	0.165475042147975	0.0176698458967488	0.0172091263066758	0.000460719590073048
633	633	1	0.156155102758603	0.0172312963577297	0.0162834492505162	0.000947847107213452
634	634	1	0.142191856151641	0.0161688058710217	0.0150474134267219	0.00112139244429979
635	635	1	0.167276370113164	0.0152238916882267	0.0136776990168983	0.00154619267132839
636	636	1	0.153386579609972	0.0145296118252545	0.0125275598512054	0.00200205197404912
637	637	1	0.171480676197049	0.0135389519521887	0.0119213965068299	0.00161755544535884
638	638	1	0.196085880494358	0.013063697522527	0.0112795009391236	0.0017841965834034
639	639	1	0.215932866797438	0.0121419166592339	0.0112698891279576	0.000872027531276309
640	640	1	0.226716196501677	0.0116200317817396	0.0113366878770734	0.000283343904666188
641	641	1	0.226392864222305	0.0118722131594122	0.0116215551020156	0.000250658057396599
642	642	1	0.263310453325971	0.011615633148914	0.0119713146010529	-0.000355681452138941
643	643	1	0.273742959665334	0.011104593410657	0.0125752557487362	-0.00147066233807919
644	644	1	0.240636431148737	0.0112662436844573	0.0136792007165646	-0.00241295703210729
645	645	1	0.255530952628	0.0110849964472867	0.0144544125986275	-0.00336941615134084
646	646	1	0.242077012228357	0.0127011574541405	0.0150887336350765	-0.00238757618093603
647	647	1	0.254738717273518	0.0134638932267531	0.0159082619481856	-0.00244436872143245
648	648	1	0.271586144392138	0.0159450541626724	0.0161341786208228	-0.000189124458150409
649	649	1	0.258211771492753	0.0169216678277332	0.0166333097173359	0.00028835811039726
650	650	1	0.255649003794026	0.0205718993375258	0.0172381905038511	0.00333370883367466
651	651	1	0.253098403499727	0.0225464862440359	0.0172204559049558	0.00532603033908015
652	652	1	0.228976602516276	0.0240831299105725	0.0172976176246035	0.00678551228596901
653	653	1	0.206942921437118	0.0226919222484514	0.0172551744399997	0.00543674780845172
654	654	1	0.189225095657811	0.0211831992570528	0.0168388634786612	0.00434433577839161
655	655	1	0.158139230293706	0.0202212700832345	0.0163680559657805	0.00385321411745404
656	656	1	0.14018966480139	0.01870342305114	0.0153907728375098	0.00331265021363023
657	657	1	0.135584948962851	0.0163948198925308	0.0143944135022046	0.00200040639032622
658	658	1	0.119746675067404	0.0155381169446778	0.013634062971601	0.00190405397307684
659	659	1	0.139849195513044	0.0151288594663601	0.0125712152213622	0.00255764424499792
660	660	1	0.105981431244359	0.0144144198059915	0.0116869071683878	0.00272751263760366
661	661	1	0.108169926362031	0.0134416902135825	0.010804160001597	0.00263753021198555
662	662	1	0.110354069354322	0.0125044567276204	0.00960035104153709	0.00290410568608331
663	663	1	0.12155064487731	0.0114365624311336	0.00893546678691762	0.00250109564421598
664	664	1	0.128195664398802	0.0114322001526337	0.00827226851217402	0.00315993164045968
665	665	1	0.178824614955396	0.0105827002269692	0.00775869818115638	0.00282400204581282
666	666	1	0.185153451357543	0.0102442116804859	0.0078480804552251	0.0023961312252608
667	667	1	0.189281461607457	0.0107508701793033	0.00850947819696433	0.00224139198233897
668	668	1	0.206303325672799	0.0104253460962349	0.00887699471470901	0.00154835138152589
669	669	1	0.190978360490881	0.010660255724174	0.00981873538124724	0.000841520342926764
670	670	1	0.199377830696882	0.0113525051008063	0.0105774239683728	0.000775081132433504
671	671	1	0.216248152513906	0.0117062839583691	0.0110205074442217	0.000685776514147356
672	672	1	0.198875599502863	0.0130747861640042	0.011742585827824	0.00133220033618022
673	673	1	0.207181522435235	0.0159697726338335	0.0123639813483596	0.00360579128547387
674	674	1	0.185530536449889	0.0181312024276391	0.0128713376702749	0.00525986475736425
675	675	1	0.178868672320085	0.0202051692209093	0.0133836360252418	0.00682153319566749
676	676	1	0.157068765724198	0.0191372704210638	0.0134456368469616	0.00569163357410225
677	677	1	0.143863406465123	0.0187935448678755	0.0133619004515273	0.00543164441634825
678	678	1	0.123996574584957	0.0175681710160668	0.0129057203001636	0.00466245071590323
679	679	1	0.106196808089933	0.0162592712598564	0.0121274669462109	0.00413180431364553
680	680	1	0.0927321372990377	0.0157572937763075	0.0113469061708303	0.00441038760547722
681	681	1	0.0904451779841438	0.0156330915663054	0.0104586179598291	0.00517447360647634
682	682	1	0.088140466991895	0.0141270680301988	0.00951720630441522	0.00460986172578358
683	683	1	0.0970466010570732	0.0129797023587849	0.0087976923490793	0.0041820100097056
684	684	1	0.125760709173214	0.0110980270461355	0.00785856211289485	0.00323946493324065
685	685	1	0.125665844554121	0.0109987442706573	0.0074001415142781	0.0035986027563792
686	686	1	0.114582132494199	0.0110893587257866	0.00730158444440676	0.00378777428137984
687	687	1	0.123280206601592	0.010660255724174	0.00700724596679702	0.00365300975737698
688	688	1	0.125392428386718	0.00984112237899253	0.0069836769142842	0.00285744546470833
689	689	1	0.127478524555123	0.00992305021189669	0.00713508127474935	0.00278796893714735
690	690	1	0.159820184879877	0.00936904034017718	0.00718547758010519	0.00218356276007199
691	691	1	0.148936912945487	0.0101601360232466	0.00758482017815115	0.00257531584509545
692	692	1	0.131495648428348	0.0100803850457119	0.00832533358312833	0.00175505146258357
693	693	1	0.135737911725712	0.0100868768466707	0.00855091408299121	0.00153596276367949
694	694	1	0.122581135343495	0.0105826812660294	0.00886864084649718	0.00171404041953222
695	695	1	0.104986207229757	0.0107443407795492	0.00918101828161025	0.00156332249793895
696	696	1	0.100520142914824	0.0113546538951485	0.00901210776110841	0.00234254613404009
697	697	1	0.12017525373777	0.0132493706596565	0.00860355971052952	0.00464581094912698
698	698	1	0.109177715231112	0.0137445813943471	0.0083666145393005	0.0053779668550466
699	699	1	0.135179440378657	0.0130725477258469	0.00821403385268103	0.00485851387316587
700	700	1	0.0958331558844634	0.013063697522527	0.00818661259106816	0.00487708493145884
701	701	1	0.0913714095238021	0.013256017076453	0.0082520007775673	0.0050040162988857
702	702	1	0.0979292625179866	0.0129929154287982	0.00770304389597759	0.00528987153282061
703	703	1	0.0623121390588253	0.0130769987490249	0.00746931677578019	0.00560768197324471
704	704	1	0.073483097534961	0.0128095768778081	0.00690195601839923	0.00590762085940887
705	705	1	0.068988287758124	0.0120512838771926	0.00633559126348449	0.00571569261370811
706	706	1	0.0778820797776234	0.011876593764824	0.00612728798133654	0.00574930578348746
707	707	1	0.0778462148994947	0.0114387572774357	0.00575986077435358	0.00567889650308212
708	708	1	0.0711357002293482	0.0113459479760043	0.00558599128589329	0.00575995669011101
709	709	1	0.0777777003095679	0.0111821403021701	0.00555659270738732	0.00562554759478278
710	710	1	0.0887998445052745	0.0108414470356373	0.00525928884213002	0.00558215819350729
711	711	1	0.0843452216319491	0.0101644607029512	0.00510703363799476	0.00505742706495644
712	712	1	0.101862917257101	0.00968376824825823	0.00503459262959026	0.00464917561866797
713	713	1	0.0886558859802165	0.00992305021189669	0.00498224238205781	0.00494080782983888
714	714	1	0.114781305576322	0.00984764287500635	0.00539753664617964	0.00445010622882671
715	715	1	0.125475604422462	0.0100782274872615	0.00540437378788073	0.00467385369938077
716	716	1	0.188775343082575	0.00897456145456143	0.00583830937386002	0.00313625208070141
717	717	1	0.201013531362634	0.00905216460776102	0.00663845342678764	0.00241371118097338
718	718	1	0.192495029654772	0.00921593228809212	0.00784079270889971	0.00137513957919241
719	719	1	0.173554156930614	0.00983897455465741	0.00875981987351296	0.00107915468114445
720	720	1	0.19620400705648	0.0100825521669661	0.00948848404100345	0.000594068125962652
721	721	1	0.218587867112099	0.010660255724174	0.0101704925884658	0.000489763135708234
722	722	1	0.206017481762593	0.0114431378828476	0.0112132860605432	0.000229851822304431
723	723	1	0.18519572235779	0.0125994970827087	0.0119328262630766	0.00066667081963211
724	724	1	0.157985045506294	0.0145206261161256	0.0125141666304003	0.00200645948572532
725	725	1	0.15783972623273	0.0148258661411994	0.0127031102611981	0.00212275588000128
726	726	1	0.140917235447979	0.0138285505681897	0.0127015391299399	0.00112701143824976
727	727	1	0.104692719806529	0.0145161581612288	0.0127044202605623	0.00181173790066655
728	728	1	0.0895524182849101	0.0143149196292281	0.0121508582199083	0.00216406140931984
729	729	1	0.0786496909790628	0.0137334927528699	0.0111101447078849	0.00262334804498498
730	730	1	0.0588806941199422	0.0126923424497707	0.0098903646759976	0.0028019777737731
731	731	1	0.0433226702336569	0.011876593764824	0.00881990378351927	0.00305668998130473
732	732	1	0.0477709455765236	0.0109124920940278	0.00777443554868676	0.00313805654534104
733	733	1	0.0676200196745	0.0104964480503398	0.0067770856204103	0.00371936242992951
734	734	1	0.110817901443433	0.0101731100623604	0.00560472456683903	0.00456838549552137
735	735	1	0.108614095109424	0.00992950341901731	0.00500619683251607	0.00492330658650124
736	736	1	0.131844020552371	0.010757371378398	0.00501996381775464	0.00573740756064336
737	737	1	0.148467907973476	0.0105826812660294	0.00511384829766942	0.00546883296835998
738	738	1	0.169055501519054	0.010580523707579	0.00565829311414432	0.00492223059343469
739	739	1	0.173016795428097	0.0104210217525096	0.00621135233350838	0.00420966941900123
740	740	1	0.166660872714239	0.0111799637827799	0.00713616815463399	0.00404379562814591
741	741	1	0.174716675060758	0.0113503193416966	0.0080721136930537	0.0032782056486429
742	742	1	0.180670701791264	0.0116975230470436	0.00886759459741086	0.00282992844963274
743	743	1	0.184571999563929	0.0136340097675086	0.00968919686945483	0.00394481289805377
744	744	1	0.194515692213479	0.0158410611910386	0.0105720735356246	0.00526898765541403
745	745	1	0.186200358247042	0.016582506822626	0.0113732910243525	0.00520921579827349
746	746	1	0.175842993674344	0.0173375200315378	0.0120229885751504	0.00531453145638736
747	747	1	0.157270371352197	0.0167949937238398	0.0121509235539596	0.00464407016988018
748	748	1	0.175507938733368	0.0156443399355184	0.0120508901633538	0.00359344977216457
749	749	1	0.156971275011969	0.015219390614701	0.0121002656700241	0.00311912494467689
750	750	1	0.171114337798095	0.0152261298667006	0.0120029210504243	0.00322320881627634
751	751	1	0.168908855950107	0.013925829498198	0.0116334455216012	0.00229238397659683
752	752	1	0.166709742509511	0.0137290589210941	0.0116007217029642	0.00212833721812986
753	753	1	0.148198295712064	0.013726837674339	0.0115228892833961	0.00220394839094293
754	754	1	0.125422960513987	0.0130725477258469	0.0114278123054869	0.00164473542035997
755	755	1	0.125333522643075	0.012230354594973	0.0109847828149537	0.00124557178001926
756	756	1	0.125244275831385	0.0120622669019536	0.0104997326988773	0.00156253420307634
757	757	1	0.129294417263452	0.0114431009180801	0.00997996850640266	0.00146313241167744
758	758	1	0.127131509869997	0.0104942715309496	0.00956396276062108	0.000930308770328516
759	759	1	0.124973279081182	0.0103304448961756	0.0092880176409215	0.0010424272552541
760	760	1	0.139279554670622	0.010326120216471	0.00910999861579032	0.00121612160068068
761	761	1	0.165566646399668	0.00983681699620702	0.00887275081116443	0.000964066185042588
762	762	1	0.155307827905595	0.0100803850457119	0.00893454174604426	0.00114584329966764
763	763	1	0.165266530630653	0.0102506939186409	0.0091659479897963	0.0010847459288446
764	764	1	0.191130480261954	0.0105007727300443	0.0090539684230786	0.0014468043069657
765	765	1	0.186955773798978	0.00992088309064251	0.00949213876607078	0.000428744324571727
766	766	1	0.18078168161054	0.0101644607029512	0.0100388393287814	0.000125621374169809
767	767	1	0.18059782495083	0.0103390939196055	0.0104956370529338	-0.000156543133328312
768	768	1	0.210077590029677	0.0109103155746376	0.0109817770058124	-7.14614311747869e-05
769	769	1	0.205898491281829	0.0124204263649282	0.0114880271819302	0.000932399182998018
770	770	1	0.217421169583666	0.0132515832446772	0.0120050325151197	0.00124655072955748
771	771	1	0.203449376631056	0.0135345181204129	0.0124630745587293	0.00107144356168356
772	772	1	0.19338330161883	0.013552261840421	0.0130943568887728	0.000457904951648172
773	773	1	0.183329887497926	0.0152351317787844	0.0132959173790103	0.0019392143997741
774	774	1	0.167302368727157	0.0148258325287742	0.0132810704569836	0.00154476207179064
775	775	1	0.127038996102364	0.0151221286164115	0.0132075705327262	0.00191455808368526
776	776	1	0.108619715069217	0.0149119290918597	0.012930822867193	0.00198110622466669
777	777	1	0.0858726220266561	0.013353270016562	0.0120440698114113	0.00130920020515071
778	778	1	0.0712404946599108	0.0132538044914323	0.0111688620242056	0.00208494246722672
779	779	1	0.0712122367194112	0.0123231911635378	0.0101106059834038	0.00221258518013396
780	780	1	0.0753610687409818	0.0112705782379092	0.00914507257965743	0.00212550565825177
781	781	1	0.0753294738749304	0.0108284164367885	0.00815925077136327	0.00266916566542523
782	782	1	0.0669308320393895	0.010921198013172	0.00717455829752026	0.00374663971565174
783	783	1	0.0773558702602557	0.0100114502128613	0.00629629464983539	0.00371515556302591
784	784	1	0.0668771702634814	0.00999847650972683	0.00561732761680782	0.00438114889291901
785	785	1	0.0731252837571006	0.0104101958737103	0.00517952727830695	0.00523066859540335
786	786	1	0.0772625192014047	0.0117815803773709	0.00467391210643686	0.00710766827093405
787	787	1	0.085519713102812	0.0128780155869002	0.00446015970425754	0.00841785588264266
788	788	1	0.0834174960333343	0.0130614849375063	0.00448952875802713	0.00857195617947917
789	789	1	0.0792376363894576	0.0152238752503042	0.00472080753888142	0.0105030677114228
790	790	1	0.0854020961069253	0.0171272957904082	0.00484853231823495	0.0122787634721732
791	791	1	0.0874204918473893	0.0207034042302425	0.00509319853158984	0.0156102056986527
792	792	1	0.085320381514201	0.0269492780101602	0.0052939109791983	0.0216553670309619
793	793	1	0.0873369259667953	0.0300863732640507	0.00537817109682983	0.0247082021672209
794	794	1	0.0955178432942176	0.0275463453791354	0.00540185338949573	0.0221444919896397
795	795	1	0.0975022859033885	0.02448946824954	0.00559344462627457	0.0188960236232654
796	796	1	0.111685595967387	0.0207956328920217	0.00573901743555206	0.0150566154564696
797	797	1	0.0892002156071356	0.0181129444426221	0.00597535182806804	0.0121375926145541
798	798	1	0.0809310591893322	0.0186850659361718	0.00629675695767135	0.0123883089785005
799	799	1	0.076774140361124	0.0174641862037002	0.00615727640606197	0.0113069097976382
800	800	1	0.0808606767142948	0.0171454443324965	0.006077653711047	0.0110677906214495
801	801	1	0.0725704316175921	0.0151378780591502	0.00596493227876553	0.00917294578038467
802	802	1	0.0621435558086603	0.0138485495260073	0.00590185822078425	0.00794669130522305
803	803	1	0.0662958232010666	0.0138329929296333	0.00566830025417281	0.00816469267546049
804	804	1	0.0495436164856784	0.0138396821312852	0.00546131177932443	0.00837837035196077
805	805	1	0.0516353744710614	0.0134416902135825	0.00518766845803961	0.00825402175554289
806	806	1	0.051620700369682	0.0128802456321525	0.00480668720551705	0.00807355842663545
807	807	1	0.0536904260138655	0.0123209873770143	0.00452799272535162	0.00779299465166268
808	808	1	0.0557779758526706	0.0123297666152518	0.00420243658502073	0.00812733003023108
809	809	1	0.0620100516343314	0.0117019036524554	0.00385244452869965	0.00784945912375575
810	810	1	0.0723609088005333	0.0111734343830259	0.00367051230432003	0.00750292207870587
811	811	1	0.0702703952940809	0.0110031065491571	0.00382292465750136	0.00718018189165574
812	812	1	0.0805281658902786	0.0104964480503398	0.00389620764290351	0.00660024040743629
813	813	1	0.0804925684926729	0.0108284164367885	0.00399042868226852	0.00683798775451998
814	814	1	0.0886341071097121	0.0109124920940278	0.00417058682890006	0.00674190526512774
815	815	1	0.0926676456325026	0.0105073021297984	0.00441610093276037	0.00609120119703804
816	816	1	0.0926205775683684	0.011261872318765	0.00473822592946858	0.00652364638929642
817	817	1	0.0823921980907016	0.0124248157688373	0.0050735647998255	0.0073512509690118
818	818	1	0.0762095320373817	0.0126016919290108	0.00539047398569998	0.00721121794331082
819	819	1	0.0720692958776468	0.0116931424416318	0.00547264303749559	0.00622049940413622
820	820	1	0.0699874276776171	0.0125994970827087	0.00554385060064479	0.00705564648206392
821	821	1	0.0637634141585153	0.01269012986475	0.00550595201416883	0.00718417785058118
822	822	1	0.059597995640523	0.0122369480741009	0.00542514844419634	0.00681179962990456
823	823	1	0.0616495084298663	0.0121441204457574	0.00518927904075525	0.00695484140500215
824	824	1	0.0554179713556309	0.0119606510951513	0.00500027647500917	0.00696037462014213
825	825	1	0.0636796629606451	0.0118722131594122	0.00478522509996355	0.00708698805944865
826	826	1	0.0718937024677331	0.0116112708704142	0.00451066559318822	0.00710060527722598
827	827	1	0.0698170387114274	0.0112575100402651	0.00445598184649834	0.00680152819376676
828	828	1	0.0738857556672485	0.0113611550942432	0.0043410461482302	0.007020108946013
829	829	1	0.0982016540884061	0.0104964480503398	0.00418736497891208	0.00630908307142772
830	830	1	0.106194323136229	0.0105892296267233	0.00435869319047958	0.00623053643624372
831	831	1	0.110123849188085	0.0108371223559327	0.00479189113095857	0.00604523122497413
832	832	1	0.0980334983188413	0.0112575100402651	0.00515712175629492	0.00610038828397018
833	833	1	0.107996190803355	0.0111712486239162	0.00552524247805673	0.00564600614585947
834	834	1	0.10793276708656	0.0104964480503398	0.00580987884251878	0.00468656920782102
835	835	1	0.139468355401853	0.0109124920940278	0.00615259443640944	0.00475989765761837
836	836	1	0.147182873918929	0.0104964480503398	0.00652656046212996	0.00396988758820984
837	837	1	0.137312472506906	0.010914668613418	0.00727543114561644	0.00363923746780156
838	838	1	0.162454812789207	0.0107552138199476	0.00769387579437815	0.00306133802556945
839	839	1	0.158440673017161	0.0115184523292632	0.00813707067859244	0.00338138165067076
840	840	1	0.183251294870395	0.0118766117922379	0.00876767446541795	0.00310893732681995
841	841	1	0.213377091365786	0.0126017096677294	0.00922482293790397	0.00337688672982543
842	842	1	0.222526532244999	0.0134416902135825	0.00998687053878322	0.00345481967479928
843	843	1	0.218521446918892	0.0147173966932296	0.0108262638184216	0.00389113287480803
844	844	1	0.220131163063613	0.0146134285615694	0.0114998981692641	0.00311353039230534
845	845	1	0.206740603797932	0.0144188877608883	0.012322784917617	0.00209610284327133
846	846	1	0.206510944415072	0.0139235997217752	0.0130787309765337	0.000844868745241506
847	847	1	0.204421387943945	0.0136406733757072	0.0134026303268933	0.000238043048813918
848	848	1	0.192930238912098	0.014124838253776	0.0137821034212723	0.000342734832503732
849	849	1	0.179522048939624	0.0135411731989438	0.0138027717740405	-0.000261598575096667
850	850	1	0.171794847754022	0.0125132717319902	0.0138001922234311	-0.00128692049144089
851	851	1	0.179184847414554	0.0118853546761495	0.0136474581420302	-0.00176210346588069
852	852	1	0.182793071616707	0.0108262399173983	0.0133848144131657	-0.00255857449576741
853	853	1	0.203210013294544	0.010326120216471	0.0131717252859206	-0.00284560506944962
854	854	1	0.215999249375059	0.00905644024551986	0.0128409924299734	-0.00378455218445357
855	855	1	0.239720597655278	0.00936473495739168	0.0127125971545332	-0.00334786219714155
856	856	1	0.265022889950494	0.00951780335195291	0.0128334293388441	-0.00331562598689115
857	857	1	0.290066692354628	0.00928928936264247	0.0133143852337124	-0.0040250958710699
858	858	1	0.307705042450706	0.0104166970728051	0.0140636919335322	-0.0036469948607271
859	859	1	0.309000138530877	0.0105051350085442	0.0150773733024209	-0.0045722382938767
860	860	1	0.295887880945479	0.0110052736704113	0.0160766882950404	-0.00507141462462907
861	861	1	0.30980480424985	0.0113459479760043	0.0169423635611996	-0.0055964155851953
862	862	1	0.305724979702553	0.0115250094540652	0.0178018443854714	-0.00627683493140621
863	863	1	0.310605761320119	0.0134461240453583	0.018776412753772	-0.00533028870841366
864	864	1	0.329732383027512	0.0157640823498908	0.0193576128635469	-0.00359353051365608
865	865	1	0.346963148015952	0.0193771122584686	0.0200159111294456	-0.00063879887097703
866	866	1	0.335665783486469	0.0203389753794062	0.0207979118698858	-0.000458936490479588
867	867	1	0.315549233571232	0.0222810883411222	0.0213710505684272	0.000910037772694973
868	868	1	0.302627587232514	0.0200967428250131	0.021633851638671	-0.00153710881365786
869	869	1	0.280840994465983	0.0200829357116465	0.0216933142198619	-0.00161037850821538
870	870	1	0.25909407078656	0.0177806185774112	0.0214149563955232	-0.00363433781811199
871	871	1	0.230163799046011	0.0172380922697132	0.0208513514412213	-0.00361325917150805
872	872	1	0.204690935655819	0.0164717501173824	0.0201588338246033	-0.00368708370722088
873	873	1	0.191812883679034	0.014131552665802	0.0193221767934625	-0.00519062412766045
874	874	1	0.173424966201566	0.0136584933609293	0.0183283094333822	-0.00466981607245287
875	875	1	0.160463968577758	0.0139347143531518	0.0172006535102047	-0.00326593915705288
876	876	1	0.171316508373096	0.0128780155869002	0.0159713730156549	-0.00309335742875473
877	877	1	0.183892552415102	0.0119628459414535	0.0147322738587538	-0.00276942791730028
878	878	1	0.198146473841319	0.0123231911635378	0.0136633084015312	-0.00134011723799335
879	879	1	0.210516139746517	0.0116068902650023	0.0128268265005524	-0.00121993623555013
880	880	1	0.219205321496489	0.0118231988747481	0.0125053804467026	-0.00068218157195446
881	881	1	0.240260435108397	0.0125176523374021	0.0124206672466081	9.69850907939981e-05
882	882	1	0.245264452425303	0.0117925544619106	0.012550243255856	-0.000757688793945392
883	883	1	0.262539369759267	0.0125176881035344	0.0129860967163569	-0.000468408612822538
884	884	1	0.263942491620057	0.0131698353175897	0.0135706518744528	-0.000400816556863073
885	885	1	0.267093413757067	0.0163970332310312	0.0144106433421257	0.00198638988890547
886	886	1	0.285899094043202	0.0186919319512145	0.0150982327643848	0.00359369918682968
887	887	1	0.287230923081168	0.0200829432284682	0.0158981193497266	0.00418482387874163
888	888	1	0.290284502226783	0.0215337250612426	0.016849632972375	0.00468409208886759
889	889	1	0.295049570473026	0.0220249975578873	0.0175347073817779	0.00449029017610936
890	890	1	0.285959414990756	0.0215406512112295	0.0181144470045625	0.00342620420666705
891	891	1	0.275170579933246	0.0214068448683313	0.0186053495783622	0.00280149528996915
892	892	1	0.260936954809267	0.0205903531345411	0.0187834942980213	0.00180685883651982
893	893	1	0.248475302230773	0.0197277114426162	0.0188819209136315	0.000845790528984706
894	894	1	0.225562099624838	0.0176698458967488	0.0187659496347489	-0.00109610373800009
895	895	1	0.20784485816705	0.0169057664045022	0.0183681969462692	-0.001462430541767
896	896	1	0.190075248445297	0.0160580246841679	0.0177866508489487	-0.00172862616478076
897	897	1	0.175774184214049	0.0153503806929989	0.0170501893484026	-0.00169980865540375
898	898	1	0.161421181740252	0.0140208786517835	0.0162330832633289	-0.00221220461154535
899	899	1	0.159512426348215	0.013344419813242	0.0152380679233132	-0.00189364811007123
900	900	1	0.155813876491308	0.0134505404169025	0.0141752013327446	-0.000724660915842067
901	901	1	0.173423929062466	0.0125088643006674	0.0132522031313292	-0.00074333883066182
902	902	1	0.194355325955925	0.0115184523292632	0.012374499288273	-0.000856046959009845
903	903	1	0.21851763715037	0.0106776675624624	0.0119080588440351	-0.00123039128157271
904	904	1	0.199190981058422	0.0115271952131749	0.0118739980467447	-0.000346802833569828
905	905	1	0.204206524748955	0.0112596865596553	0.0119610140654027	-0.000701327505747387
906	906	1	0.212649152331934	0.0109190308919178	0.0119038573079686	-0.00098482641605079
907	907	1	0.227942002813833	0.0112640302002997	0.0122084306305429	-0.000944400430243181
908	908	1	0.244819860521787	0.0115162665701535	0.0125698805820705	-0.00105361401191697
909	909	1	0.249640242765636	0.011876593764824	0.0131497698450721	-0.00127317608024814
910	910	1	0.266334630575713	0.0132207808171693	0.0138404859180166	-0.000619705100847256
911	911	1	0.247299576730626	0.015531353211068	0.0146430678711451	0.00088828533992294
912	912	1	0.277482604403787	0.0162728148180743	0.015289359077343	0.000983455740731302
913	913	1	0.305738449988837	0.0169012331526028	0.0157789075433714	0.0011223256092314
914	914	1	0.259825349106933	0.0174505553722844	0.0168184559343678	0.000632099437916606
915	915	1	0.235795613848765	0.0190333942221021	0.0173626138118401	0.00167078041026196
916	916	1	0.215125851181909	0.0190288068232797	0.017157995936086	0.00187081088719367
917	917	1	0.145825192824191	0.0176652968898946	0.0173017754560365	0.00036352143385807
918	918	1	0.11743619863843	0.0175613280529468	0.0169263329295351	0.000634995123411721
919	919	1	0.122712858871836	0.0167972483402362	0.0155389275347416	0.00125832080549457
920	920	1	0.119072134694321	0.0165870400745254	0.0145177699463654	0.00206927012815997
921	921	1	0.0957344000405129	0.0166955421633725	0.0133438697828467	0.00335167238052584
922	922	1	0.0902652627043921	0.0161575248609313	0.0118929485955695	0.00426457626536185
923	923	1	0.0865931541142402	0.0154273683987014	0.0106033818153831	0.00482398658331834
924	924	1	0.0756291964760578	0.0158658199998406	0.00952257355537129	0.00634324644446931
925	925	1	0.0756011352144128	0.0135500580538976	0.00832659568690359	0.00522346236699402
926	926	1	0.0828642264505675	0.0129686483689415	0.00692431253848967	0.00604433583045183
927	927	1	0.0791865190016097	0.0139280592746209	0.00603559721185476	0.00789246206276614
928	928	1	0.0827984265981314	0.0142332574086141	0.00560953474810536	0.00862372266050875
929	929	1	0.0936179124848024	0.0149343101360112	0.00510614699636311	0.00982816313964809
930	930	1	0.0935750056425206	0.0149141672703336	0.00515637681207817	0.00975779045825542
931	931	1	0.0899295048517246	0.0159563025318854	0.00554474065114847	0.0104115618807369
932	932	1	0.0790164318787276	0.0161665432109375	0.00559703563991058	0.0105695075710269
933	933	1	0.0844381075682037	0.0153346319555478	0.00547443926948469	0.00986019268606311
934	934	1	0.0916172413363938	0.0160693543105544	0.00543725218007801	0.0106321021304764
935	935	1	0.116541290315539	0.0170323691021092	0.00554730206512327	0.0114850670369859
936	936	1	0.118237134518822	0.0219050798776645	0.00574083501497623	0.0161642448626883
937	937	1	0.130478994166538	0.0181106660275831	0.00614369498940015	0.0119669710381829
938	938	1	0.121631153348602	0.0177874302443495	0.00653382802634675	0.0112536022180027
939	939	1	0.137301773663324	0.0188118181868122	0.00691023020554391	0.0119015879812683
940	940	1	0.123235537147067	0.0214114841313961	0.00721185894924803	0.0141996251821481
941	941	1	0.112586439334819	0.0224265540005534	0.00769203392662307	0.0147345200739303
942	942	1	0.112524781465268	0.0200783332763238	0.00771743750583608	0.0123608957704877
943	943	1	0.112463224785557	0.0171205079221124	0.00777376074445678	0.00934674717765562
944	944	1	0.11592690158075	0.0159540643534115	0.00784302907510222	0.00811103527830927
945	945	1	0.119384728789143	0.0149320888892561	0.00794537924979655	0.00698670963945955
946	946	1	0.0998883314409227	0.0140253296749615	0.0081169828955849	0.0059083467793766
947	947	1	0.0927311610327592	0.0128758118003767	0.00814953834501706	0.00472627345535964
948	948	1	0.0909043650228512	0.0129708609539622	0.00775080254472108	0.00522005840924112
949	949	1	0.0890799838803531	0.0124182225784048	0.00743622876202178	0.00498199381638302
950	950	1	0.0800715754021297	0.011261872318765	0.00713976132285958	0.00412211099590542
951	951	1	0.0782402538715701	0.0108392612765276	0.00677934566822946	0.00405991560829814
952	952	1	0.0764110135684035	0.0115206471755654	0.00643103035626939	0.00508961681929601
953	953	1	0.0871415439895742	0.0104166970728051	0.00605984281685991	0.00435685425594519
954	954	1	0.0906836728187983	0.0105848577854196	0.00588618386113906	0.00469867392428054
955	955	1	0.0888639087893495	0.0111734343830259	0.00587886987473113	0.00529456450829477
956	956	1	0.0923841950933451	0.0112575100402651	0.00576800650950049	0.00548950353076461
957	957	1	0.0958825019820608	0.0104101958737103	0.00568017859249302	0.00473001728121728
958	958	1	0.0993759497480937	0.0103326309783696	0.00563337653342322	0.00469925444494638
959	959	1	0.108142512937775	0.0100803850457119	0.00568865421741554	0.00439173082829636
960	960	1	0.0904319798722071	0.0108436517556868	0.00597870659538346	0.00486494516030335
961	961	1	0.0921675954307659	0.0104123629949645	0.00617001137699941	0.0042423516179651
962	962	1	0.0903523891208096	0.00992303091497762	0.0061091242301318	0.00381390668484583
963	963	1	0.100919336058581	0.00967946286547272	0.00621586300324287	0.00346359986222985
964	964	1	0.0938144103253507	0.0100027818925123	0.00632689072399229	0.00367589116852001
965	965	1	0.0937720483262154	0.0100803946085157	0.0064476409981528	0.0036327536103629
966	966	1	0.0901876999500928	0.00959755432948762	0.00642266427772264	0.00317489005176498
967	967	1	0.0865908280750602	0.00977855292538264	0.0063930230710656	0.00338552985431704
968	968	1	0.0830156284362573	0.00967730530702233	0.00629722651020695	0.00338007879681538
969	969	1	0.0829825121877406	0.00889695830136184	0.00622612800936691	0.00267083029199493
970	970	1	0.0864857705514623	0.00905644024551986	0.00607044750070642	0.00298599274481344
971	971	1	0.0900018239599945	0.0088278865986856	0.0059639036588886	0.00286398293979701
972	972	1	0.0970121796825225	0.00951995117628803	0.00580848178352353	0.0037114693927645
973	973	1	0.100481350617898	0.00921166656283044	0.00582363738726672	0.00338802917556372
974	974	1	0.105676066280836	0.00852599514403688	0.00598863425555	0.00253736088848688
975	975	1	0.112592515372157	0.0085196219961394	0.00609079148504557	0.00242883051109383
976	976	1	0.1194635462045	0.00793714732236244	0.00622527174472995	0.00171187557763249
977	977	1	0.126288581791769	0.00801261256372408	0.00640938869295678	0.0016032238707673
978	978	1	0.134776444695987	0.00852386733061316	0.00671177402115416	0.001812093309459
979	979	1	0.134689619798166	0.00815292456407613	0.00706933469249435	0.00108358987158178
980	980	1	0.138017288602825	0.00867906353859812	0.00747838752177417	0.00120067601682395
981	981	1	0.134514279762044	0.0085993325719748	0.00785130584656729	0.000748026725407509
982	982	1	0.134427960226461	0.00823261435260752	0.0082304673325121	2.14702009541587e-06
983	983	1	0.130934045274117	0.00837294714026357	0.00848490931876537	-0.000111962178501799
984	984	1	0.141069106175323	0.00808170465718824	0.00865980343844215	-0.000578098781253911
985	985	1	0.151132700405228	0.00787227977606803	0.00878559004129812	-0.000913310265230087
986	986	1	0.137472192110209	0.0085260155348248	0.00906963897056844	-0.000543623435743637
987	987	1	0.149226124520325	0.00874815563206228	0.0092186724465642	-0.000470516814501916
988	988	1	0.13560380322933	0.00953071915061605	0.00930161139570398	0.000229107754912064
989	989	1	0.125300196674743	0.00951780335195291	0.00949796574347246	1.98376084804483e-05
990	990	1	0.111520826291851	0.00999631895127644	0.00936277539566141	0.000633543555615033
991	991	1	0.102832554407897	0.00936900068265335	0.00915627725789146	0.000212723424761887
992	992	1	0.102782415659192	0.00960185971227313	0.00884803139948485	0.000753828312788285
993	993	1	0.101004745997798	0.00920524291481942	0.00849716491601828	0.000708077998801142
994	994	1	0.0905446651131001	0.00960184006566069	0.00819048676639097	0.00141135329926972
995	995	1	0.0747331645224421	0.00830807959396916	0.00792732188068602	0.000380757713283138
996	996	1	0.0605457818206645	0.00905644024551986	0.0074851138788169	0.00157132636670296
997	997	1	0.0569594615975149	0.00898522033863198	0.00694175383339371	0.00204346650523827
998	998	1	0.0658386567048979	0.00830172723337568	0.00619281340409409	0.00210891382928159
999	999	1	0.0728839761665085	0.00815292456407612	0.00563591707513306	0.00251700748894306
1000	1000	1	0.0763735681949242	0.00758734766465984	0.00527227108527404	0.0023150765793858
1001	1001	1	0.0710758181979401	0.00772770165393823	0.00494002233322927	0.00278767932070896
1002	1002	1	0.0763203617464825	0.00837294714026357	0.00479002102038765	0.00358292611987592
1003	1003	1	0.0710263369547306	0.00837081932683984	0.00470500551414126	0.00366581381269858
1004	1004	1	0.083269854034782	0.00758734766465984	0.00469796034919936	0.00288938731546048
1005	1005	1	0.079745674077941	0.00831653837240456	0.00465535923839496	0.0036611791340096
1006	1006	1	0.0832058150402588	0.00801683711089384	0.00472173323531503	0.00329510387557881
1007	1007	1	0.0831731664270166	0.0082304865391838	0.00472903640874648	0.00350145013043732
1008	1008	1	0.0866279054647521	0.00830172723337568	0.00492157599545913	0.00338015123791655
1009	1009	1	0.0935137072158341	0.00823263513991152	0.00514538733780048	0.00308724780211104
1010	1010	1	0.108940678928718	0.00837081932683984	0.0053966942217908	0.00297412510504904
1011	1011	1	0.0951573997288335	0.00890981514558209	0.00568583321425764	0.00322398193132445
1012	1012	1	0.0985620115216221	0.00883428985590869	0.00591507537714024	0.00291921447876845
1013	1013	1	0.100230710178508	0.00905644024551986	0.00590965165780956	0.0031467885877103
1014	1014	1	0.0984699085076812	0.00912977767345778	0.00617416136378784	0.00295561630966994
1015	1015	1	0.115501210719287	0.00905002669592307	0.00627304517849763	0.00277698151742544
1016	1016	1	0.113726835387524	0.00920523300232226	0.00643613024684468	0.00276910275547758
1017	1017	1	0.105162148573001	0.00944234802308843	0.00678137108800528	0.00266097693508315
1018	1018	1	0.120382832356896	0.00913404339871946	0.00681717065516071	0.00231687274355875
1019	1019	1	0.123699286733128	0.00866842466543896	0.00695130464226034	0.00171712002317862
1020	1020	1	0.133707598200346	0.00859722514933899	0.00728394287930914	0.00131328227002985
1021	1021	1	0.146943200271153	0.00881935514816224	0.0074524955079185	0.00136685964024374
1022	1022	1	0.148514250309887	0.00882149306000019	0.00780678946248185	0.00101470359751834
1023	1023	1	0.156665240125363	0.00808382217823827	0.00814606952831906	-6.22473500807869e-05
1024	1024	1	0.163145468754394	0.00852386733061316	0.00842433781513897	9.95295154741869e-05
1025	1025	1	0.177751773946255	0.00852386733061316	0.00894409405725442	-0.000420226726641264
1026	1026	1	0.18248808549653	0.00905002669592307	0.00943836897953943	-0.000388342283616358
1027	1027	1	0.193673612469155	0.0092030950904843	0.00997633743454514	-0.000773242344060845
1028	1028	1	0.206409366788122	0.0103304448961756	0.010463586066508	-0.000133141170332429
1029	1029	1	0.227035863181897	0.00968590616009617	0.0109753322584116	-0.00128942609831546
1030	1030	1	0.252245028163614	0.010162293581697	0.0116865156857367	-0.00152422210403969
1031	1031	1	0.263025094487119	0.0106022033298577	0.0125748546030298	-0.00197265127317208
1032	1032	1	0.22784481030375	0.0111734343830259	0.0135614532198471	-0.00238801883682122
1033	1033	1	0.229192742754805	0.0111777966615257	0.0142854022756113	-0.00310760561408562
1034	1034	1	0.241625436830887	0.0118831508896261	0.0145274013284537	-0.00264425043882758
1035	1035	1	0.19362789600865	0.0121463152920596	0.015176853532441	-0.00303053824038141
1036	1036	1	0.159585494693616	0.0126038957155343	0.0154559758683723	-0.00285208015283799
1037	1037	1	0.146443171403135	0.0112662436844573	0.0149848866178708	-0.00371864293341352
1038	1038	1	0.121661085312368	0.010418883154999	0.0145638767271109	-0.0041449935721119
1039	1039	1	0.104941926018356	0.0105007727300443	0.0138176623876678	-0.00331688965762354
1040	1040	1	0.0897452078412613	0.0107508701793033	0.0127057111768115	-0.00195484099750815
1041	1041	1	0.0930817394288539	0.0109124920940278	0.0116555464641403	-0.000743054370112517
1042	1042	1	0.0845866518151865	0.00983681699620702	0.0104882473003809	-0.000651430304173925
1043	1043	1	0.0760357056409902	0.00905861781488164	0.00923667389067263	-0.000178056075790989
1044	1044	1	0.0794283230590906	0.00853448541646832	0.00796442455482555	0.000570060861642767
1045	1045	1	0.0963075762415428	0.00890550976279658	0.00704092810002388	0.0018645816627727
1046	1046	1	0.0996153883344704	0.00897242354272348	0.00653290781446913	0.00243951572825435
1047	1047	1	0.117872954456502	0.00890122402662351	0.00592972227559631	0.0029715017510272
1048	1048	1	0.112854563119157	0.00859721505092477	0.00565141598839197	0.0029457990625328
1049	1049	1	0.124356194742376	0.00807958713613821	0.00600973242058317	0.00206985471555503
1050	1050	1	0.13247887097917	0.0077255841328882	0.00616565430466249	0.00155992982822571
1051	1051	1	0.150314064654168	0.00859935296276272	0.00652984343031712	0.0020695095324456
1052	1052	1	0.167932442527629	0.00801683711089383	0.00704132034041885	0.000975516770474976
1053	1053	1	0.19013696245716	0.00830172723337568	0.00771985482749766	0.000581872405878018
1054	1054	1	0.188387270646203	0.00859295942407732	0.00852011391504849	7.2845509028828e-05
1055	1055	1	0.186642094618918	0.00882149306000019	0.0093774818334583	-0.000555988773458114
1056	1056	1	0.181721491890357	0.0092030950904843	0.0101114886978228	-0.000908393607338527
1057	1057	1	0.167231992874022	0.0108392612765276	0.0108809525181516	-4.16912416240124e-05
1058	1058	1	0.167104579480778	0.0118875495224517	0.0112501888624502	0.000637360660001505
1059	1059	1	0.16378851253539	0.0119672265468653	0.0114150224326583	0.000552204114207026
1060	1060	1	0.166853044400781	0.0115184523292632	0.0115702610036012	-5.1808674338032e-05
1061	1061	1	0.137839972345404	0.0109190308919178	0.0116767239368866	-0.000757693044968786
1062	1062	1	0.132898572120382	0.0110937393311984	0.0116607183343004	-0.00056697900310199
1063	1063	1	0.108345037353487	0.0104942715309496	0.0113287109867549	-0.000834439455805339
1064	1064	1	0.090090001550962	0.010252841742976	0.0109674773761396	-0.000714635633163555
1065	1065	1	0.12133284932959	0.0106645993648183	0.0100277849165741	0.00063681444824425
1066	1066	1	0.0900036224203831	0.009763538522712	0.00933801197992518	0.000425526542786825
1067	1067	1	0.103219009444189	0.00976567678424332	0.00879886673999629	0.000966810044247028
1068	1068	1	0.126033452037561	0.00913191558529573	0.00793032589936344	0.00120158968593229
1069	1069	1	0.10966600724359	0.00912762984912266	0.00777363397964483	0.00135399586947783
1070	1070	1	0.1675421788552	0.00890122402662351	0.00755914750727615	0.00134207651934736
1071	1071	1	0.183201399525856	0.00898526074033129	0.00737487189998349	0.0016103888403478
1072	1072	1	0.197142902091201	0.00951995117628803	0.0080760341124337	0.00144391706385433
1073	1073	1	0.21254704204533	0.00905002669592307	0.00849153493306873	0.000558491762854343
1074	1074	1	0.224733064447264	0.00929784082407721	0.00917177701818948	0.000126063805887729
1075	1075	1	0.236849902224535	0.00944450558153882	0.0103151617112062	-0.000870656129667417
1076	1076	1	0.239668175378071	0.00984114167591159	0.0112954882712342	-0.00145434659532266
1077	1077	1	0.244018994856674	0.0099273555946822	0.0124388812214179	-0.00251152562673566
1078	1078	1	0.256006903090082	0.0103239530952168	0.013404048758929	-0.00308009566371218
1079	1079	1	0.283173059540431	0.00992303091497762	0.0141123847286098	-0.00418935381363218
1080	1080	1	0.294989530587259	0.0110849964472867	0.0152653841478817	-0.00418038770059502
1081	1081	1	0.291564698554268	0.012250187823054	0.0162213348223189	-0.00397114699926489
1082	1082	1	0.282073376967077	0.0129730647404857	0.0171511627600351	-0.00417809801954943
1083	1083	1	0.252869244515736	0.0128868657902202	0.0179155978897429	-0.0050287320995227
1084	1084	1	0.267757465049144	0.0123231911635378	0.0179657849208316	-0.00564259375729381
1085	1085	1	0.246208409153041	0.0127939940227053	0.0180523996828728	-0.00525840566016751
1086	1086	1	0.207856923581872	0.0125972932961852	0.0182890265726886	-0.0056917332765034
1087	1087	1	0.201537551611011	0.0123231911635378	0.0178406359721181	-0.00551744480858029
1088	1088	1	0.199834703935068	0.0123275897963635	0.017185620044211	-0.0048580302478475
1089	1089	1	0.195062144009569	0.0125110768856881	0.016700849017456	-0.00418977213176793
1090	1090	1	0.201005040621297	0.0117837752236731	0.0160449514894195	-0.00426117626574639
1091	1091	1	0.156150307955414	0.0113415764577849	0.0155116443345527	-0.00417006787676781
1092	1092	1	0.12626888957135	0.0112596865596553	0.0148819843702284	-0.00362229781057306
1093	1093	1	0.137213490701157	0.0117859609827827	0.0134167648774588	-0.0016308038946761
1094	1094	1	0.129264922502642	0.0113459479760043	0.0123449830459161	-0.000999035069911777
1095	1095	1	0.132348132341761	0.012230354594973	0.011552628283928	0.000677726311045007
1096	1096	1	0.144796400074938	0.0111778149884377	0.0106806737710788	0.000497141217358948
1097	1097	1	0.160231705684382	0.0120688600923861	0.0101491019876349	0.00191975810475125
1098	1098	1	0.190818257637815	0.0116221716358605	0.00968814055619091	0.00193403107966959
1099	1099	1	0.189131406563206	0.0124270727817247	0.00976175400304775	0.00266531877867695
1100	1100	1	0.199619095044923	0.0122325494412752	0.0102343984010093	0.00199815104026587
1101	1101	1	0.207031610977353	0.0125088643006674	0.0104533259815754	0.00205553831909202
1102	1102	1	0.226429821801446	0.0131587466761124	0.0108190333065953	0.00233971336951714
1103	1103	1	0.227709992318538	0.014122600075302	0.0112752919415266	0.00284730813377542
1104	1104	1	0.218476765569008	0.0148168968699931	0.0119931693919227	0.00282372747807039
1105	1105	1	0.198675723149933	0.0151266048499636	0.0129314083976023	0.00219519645236128
1106	1106	1	0.209056877639654	0.0157415774521977	0.0134658661773719	0.00227571127482584
1107	1107	1	0.181684239313057	0.0155358378466712	0.0137355343858598	0.00180030346081144
1108	1108	1	0.167849543075206	0.0146246109284923	0.0140978769633255	0.000526733965166752
1109	1109	1	0.150893914761852	0.0147129287383328	0.0138516472510054	0.000861281487327429
1110	1110	1	0.156937181602274	0.0134505750685363	0.013530277821517	-7.97027529806493e-05
1111	1111	1	0.149164589240328	0.0134394689668275	0.0129349524652174	0.00050451650161009
1112	1112	1	0.138293050716769	0.013925829498198	0.0124032549844776	0.00152257451372045
1113	1113	1	0.133572483539254	0.0131565340910917	0.0118401604391197	0.00131637365197204
1114	1114	1	0.138129442722544	0.0133466323982627	0.0112472459811063	0.00209938641715636
1115	1115	1	0.125658474341009	0.0134416902135825	0.0106185226675186	0.00282316754606386
1116	1116	1	0.141046850524305	0.0131609679228675	0.0099698297936416	0.0031911381292259
1117	1117	1	0.148629482803514	0.0135389606139231	0.00941735771740533	0.00412160289651777
1118	1118	1	0.136246072181038	0.0140275337303144	0.00942850085024323	0.00459903288007117
1119	1119	1	0.163671161003208	0.014319370652406	0.00915219881975828	0.00516717183264772
1120	1120	1	0.184670951015249	0.013841911907708	0.00894961664940591	0.00489229525830209
1121	1121	1	0.198005186359723	0.0148146670935702	0.00946687471187609	0.00534779238169412
1122	1122	1	0.206774125994428	0.0151243750735408	0.00994848781118199	0.00517588726235881
1123	1123	1	0.218470478752138	0.0167950016555709	0.0104732839360796	0.00632171771949129
1124	1124	1	0.213818953944013	0.0162592632161687	0.0111503820763806	0.00510888113978807
1125	1125	1	0.213621679189828	0.015737076378672	0.0118403836239024	0.00389669275476962
1126	1126	1	0.210466766580694	0.0155313367731455	0.0124077342326795	0.00312360254046604
1127	1127	1	0.225037725311012	0.0169080210208986	0.0129449660830965	0.00396305493780215
1128	1128	1	0.223343584299343	0.0184657988846653	0.0134216658181665	0.00504413306649876
1129	1129	1	0.198024945831563	0.0188049830469159	0.0140382475550732	0.00476673549184269
1130	1130	1	0.1845003809795	0.0181129444426221	0.0142009930606499	0.00391195138197224
1131	1131	1	0.173938069210905	0.017235829609629	0.0142426539819035	0.00299317562772549
1132	1132	1	0.16482509336177	0.0163677653050158	0.0141840672448977	0.00218369806011809
1133	1133	1	0.149695367862918	0.0161530237874056	0.0137129007716837	0.0024401230157219
1134	1134	1	0.145067464729948	0.0164830311274728	0.0131060553579355	0.00337697576953733
1135	1135	1	0.134373436494158	0.0154363703107851	0.0125085040599036	0.00292786625088147
1136	1136	1	0.128224757034857	0.0158365601175129	0.0118498223534477	0.00398673776406521
1137	1137	1	0.111309702943416	0.0161597875210154	0.0111437139315841	0.00501607358943135
1138	1138	1	0.109713562254441	0.0160535562515196	0.0105126362908705	0.00554091996064911
1139	1139	1	0.108134938432272	0.0158568187930445	0.00978024057571263	0.00607657821733187
1140	1140	1	0.109611476838438	0.0153346319555478	0.00911242057228404	0.00622221138326376
1141	1141	1	0.11723464854559	0.0162615258762528	0.00836326552734293	0.00789826034890987
1142	1142	1	0.129360043419524	0.0152238916882267	0.00794499085603496	0.00727890083219174
1143	1143	1	0.148902138652687	0.016584785458129	0.00781046834086709	0.00877431711726192
1144	1144	1	0.175609817286769	0.0163836112973792	0.007815585187824	0.0085680261095552
1145	1145	1	0.19169848335541	0.0158500795410448	0.00809026951794889	0.00775981002309591
1146	1146	1	0.203263232161959	0.0176857315650249	0.00868893852625176	0.00899679303877314
1147	1147	1	0.175183929117409	0.0183481910641066	0.00944847001614466	0.00889972104796194
1148	1148	1	0.180943128075015	0.0178936696731126	0.0100700935290706	0.00782357614404199
1149	1149	1	0.204236656971133	0.018011285316895	0.0103894790396454	0.00762180627724963
1150	1150	1	0.227318167178865	0.0191395641700224	0.01104850698757	0.00809105718245236
1151	1151	1	0.214051107333475	0.0190242193253624	0.011901284034629	0.0071229352907334
1152	1152	1	0.228330295249052	0.0189203431264007	0.0125704418197122	0.0063499013066885
1153	1153	1	0.225224190106616	0.0208141018217752	0.013149662582512	0.00766443923926318
1154	1154	1	0.245189988278582	0.0204381374273548	0.0138338578388806	0.00660427958847424
1155	1155	1	0.269330152423052	0.0206941695782928	0.0141820906790492	0.0065120788992436
1156	1156	1	0.247519796152886	0.0211692963948076	0.0149326030859825	0.00623669330882513
1157	1157	1	0.235782794937606	0.0210563046801704	0.0154549229381367	0.0056013817420337
1158	1158	1	0.248459545588574	0.0198407700551393	0.0154530725096005	0.00438769754553883
