lagtime	RRD_p|all	se_p|all
0.333333333333333	-0.00461503628060062	0.00518919983220863
1	0.00419532229087671	0.00266924912553851
2	0.0127091844096273	0.0026512315301968
3	0.00580257710477837	0.00264785653719349
4	0.00976221614933057	0.00264664346631133
5	0.00882449145857811	0.00262901399025174
6	0.00610535239996968	0.00260608661863655
7	0.00628326396537523	0.00259501756956489
8	0.00688001579282327	0.00259532660954494
9	0.00342307646553041	0.00260059342971977
10	0.00459677438676282	0.00261845236156679
11	0.00350182568592586	0.00265107727875174
12	0.0035376219128753	0.0026693268750351
13	-0.00154646413649931	0.00264794628400523
14	-0.00525219193652364	0.00261998270620832
