lagtime	knot_SRF_p=0.49995|all	knot_SRF_p=1.06656|all	knot_SRF_p=1.64984|all	knot_SRF_p=2.23978|all	knot_SRF_p=2.89971|all	knot_SRF_p=3.9996|all	se_p=0.49995|all	se_p=1.06656|all	se_p=1.64984|all	se_p=2.23978|all	se_p=2.89971|all	se_p=3.9996|all
0.333333333333333	0.000691206613002669	0.000652561758109979	0.00112148086307979	0.0016601649879181	0.00135923443826174	0.00332076304034547	0.000207977530379182	0.000436391956030632	0.00073836205781726	0.00111319143763965	0.001565030224975	0.00194140734247325
1	0.000494841424316815	0.000509397433796898	0.000538667286827959	0.00111948026804033	0.000988938586206837	0.00227609297215028	0.000172351570991253	0.000398144894424736	0.000687801928742891	0.00105497641209872	0.00148513338899742	0.00183350577127865
2	0.000603832686765351	0.00121222633788436	0.00145520717093975	0.00184793803947654	0.00231070603986438	0.00302914754513431	0.000230651095401241	0.00056273570236012	0.00098718393806615	0.0015319288842642	0.00215870284599958	0.00266946411863136
3	0.000890716072933116	0.0021587868727473	0.00244760021341399	0.00304205862625813	0.00338894443854615	0.00382642262973944	0.000278916875913474	0.000708942125102356	0.00126150204977829	0.00197750999143194	0.00278610152341138	0.00344676611793165
4	0.00121596002912167	0.00332675005085514	0.00456715180543688	0.00402099326717759	0.00573180741985917	0.00400026419561565	0.000320846986924923	0.000844026106112762	0.00151877729818447	0.00239812946212746	0.003371134482181	0.00416427266662972
5	0.0015467094194946	0.00406796275917345	0.00665049225943244	0.00507854570610511	0.00772417916004624	0.00655424397985471	0.000355742926051181	0.000966027330147993	0.00175987538274376	0.00279369083741767	0.003916808586682	0.00482866332841292
6	0.00187143487321606	0.00502462990453935	0.00927752463627718	0.00699994143901333	0.0108676086449728	0.0122164917267645	0.000385958357789708	0.00107764091731366	0.00198900578491153	0.00316393019717912	0.00442793410663463	0.00544780814158406
7	0.00193769249341681	0.00605863251019325	0.0118703393108599	0.00920102124460857	0.0126878340179539	0.0172559851930538	0.000412959606072609	0.00118000621813066	0.00220529428877013	0.00351223814690219	0.0049113518422103	0.0060322651422438
8	0.00191865739961602	0.00703929334206867	0.0133932954220162	0.0113068041352461	0.013312364194909	0.0209598165720283	0.000437395299148063	0.00127575299148043	0.00241062533937282	0.00384405551944294	0.00537759786446077	0.00659286790620141
9	0.00227888526568992	0.00791497144098254	0.0159344975980967	0.0132217547963003	0.0141867422610763	0.0240558926667019	0.000459500346202803	0.00136570314489318	0.00260668899420398	0.00416128395542289	0.0058260147998011	0.00713190591999121
10	0.00261543463902443	0.00852771647047325	0.0185427699741359	0.0148372439814706	0.0150862414361233	0.0256308760680011	0.000478893731793753	0.00144902348115769	0.00279030414593342	0.00446319531644314	0.00625660073047011	0.00764991159615937
11	0.0027926099939961	0.00880187050460431	0.0201193167071813	0.0166211073662989	0.0160593368239551	0.0264935001911127	0.00049666809281742	0.00152718197659595	0.00296477350950788	0.00475358338674175	0.00666979335845939	0.00814683702709657
12	0.00285230332777446	0.00923576754940111	0.0220356212827905	0.0184558572307381	0.0173945149903523	0.0267988114965227	0.000513271686748708	0.00160247924942759	0.00313222835815513	0.00503000633624377	0.00706186506293471	0.00861857875782992
13	0.00299519043342688	0.00973040463619375	0.0231965523691467	0.0196482640569578	0.017519540180915	0.0268310466124418	0.000528393231305938	0.00167477782750008	0.00329367669191114	0.00529349909163874	0.0074334266214807	0.00906594867319026
14	0.00293475286341508	0.0101455406931613	0.0236172652097092	0.020945821273899	0.0178179944899827	0.0263509572365301	0.000542379076029764	0.00174379994279618	0.00344880422055208	0.00554337922698491	0.00778245924152944	0.00948583258678189
15	0.00300997514850132	0.0101411657241649	0.0237680203920694	0.0214435968026788	0.0173943230758195	0.0256854667054679	0.000555307459148548	0.00180912318540851	0.00359892135839768	0.00578333472520815	0.00811241229275264	0.00988109436013296
16	0.00294396849187571	0.0104811243708736	0.0236376592067679	0.0220796781028078	0.0168981415590034	0.0259298424727572	0.000567164266765908	0.00187099809395112	0.00374387401567701	0.0060132937021798	0.00842383815584917	0.0102522175456445
17	0.00288145937082481	0.0107451699936506	0.023240086364583	0.022343510500723	0.016557087735601	0.025033729426762	0.000578347700758242	0.0019304996097256	0.00388311912319918	0.00622986794768003	0.00871472436500265	0.0105990340377384
18	0.00317154804484056	0.0107847519518556	0.022841507992936	0.0230961228439464	0.0159089524598817	0.0242881443647194	0.000588623636485302	0.00198802054234895	0.00401420594824784	0.0064316840307132	0.00898612795085472	0.0109233345916125
19	0.00341148113484577	0.0106340518437363	0.0224295369906774	0.0236954084253852	0.0149160813754767	0.0244052692353764	0.000597785864753789	0.00204259685892745	0.00413462836790796	0.00661462948620637	0.00923428229125071	0.011222726379451
20	0.00345352326297945	0.0102636513656935	0.0220109707215375	0.0240186826191992	0.0148243712260163	0.0238163571512371	0.000606868689430331	0.00209425450303685	0.0042448764234167	0.00678142179079541	0.00946274661393806	0.0115010149918546
21	0.00333268731528797	0.0101600866936318	0.0211386214151021	0.024401867826489	0.0146497346633518	0.0236980385162277	0.000615187540799365	0.00214211708576222	0.0043448027992359	0.00693172310570322	0.00967196117378714	0.0117583721496129
22	0.00338043377259116	0.00996000133487794	0.0204784086563509	0.0244490326648533	0.0153449938797503	0.0235903836151277	0.000622842957858777	0.00218748802209258	0.00443727344040688	0.00706854003240202	0.00986477874193241	0.0119978504285147
23	0.00356442365214626	0.00988220185934537	0.0195850626101491	0.0252112497190676	0.0163253563344384	0.0238112218172219	0.000630565832920546	0.00223118435423904	0.00452219599460567	0.00719129499938829	0.0100412233933712	0.0122197184567279
24	0.00373690540994505	0.00971875354543842	0.0193018114877485	0.025232333348079	0.0170883191048097	0.0240456240128739	0.000637969614196279	0.00227340085365973	0.00460093219296292	0.00730148818694166	0.0102011761586456	0.0124250107410622
25	0.00370498942063189	0.0095392084262896	0.0189655011423628	0.0249044428957623	0.018278562909072	0.0243849718637156	0.000645650767354785	0.00231367766211031	0.00467341542611256	0.00740005571808143	0.010346763204824	0.0126165581134961
26	0.00375328684937221	0.0094869328768985	0.0186217560312048	0.0241582280908999	0.0191749999664595	0.0251362100035038	0.000653359918344114	0.00235103291603664	0.00474218901644501	0.00749360232391335	0.0104865479548753	0.0128004299338599
27	0.00393706423786151	0.00921669207454957	0.0179631270084933	0.024452612202325	0.0189296105191967	0.0254605836196434	0.000661040507111653	0.00238682829617895	0.00480982987157877	0.0075857258093973	0.0106248511168165	0.0129816037860677
28	0.00380312110513693	0.00891110069399417	0.0177089738754126	0.0242726711812196	0.0192949410754336	0.0259970754931714	0.000668651547810883	0.00242074567915883	0.00487711366349832	0.00767814816844158	0.0107645376748116	0.0131629100293929
29	0.00374697712159871	0.00898050947006309	0.017382468867707	0.0241426413562256	0.0199332529746569	0.0260988374524381	0.000675756256299608	0.00245232032072688	0.00494372338420805	0.00777187397897622	0.0109061586231943	0.0133464552142885
30	0.0037743425061346	0.00928101137777867	0.0172091831853628	0.0239906518815631	0.020942494631272	0.0260972113111741	0.000682677882474979	0.00248338570999775	0.00501088530307261	0.00786611661235238	0.0110469156259435	0.0135297896223576
31	0.00379447089597449	0.0089469707325865	0.0167194007469846	0.0240316401752007	0.0204682660477778	0.0262413196009009	0.000689452579576605	0.00251398687782875	0.00507883481326695	0.00796408334189449	0.0111907775060835	0.013715673228429
32	0.00376903331892025	0.00864994022623793	0.0163292578728897	0.0240828764760535	0.0204484755848675	0.0260537460856274	0.000695772660317569	0.00254351477159539	0.00514549834259428	0.00806188542819063	0.011333240480432	0.0138986946706226
33	0.00371354113192031	0.00829059634867848	0.0162826898733625	0.0244192934397178	0.0188962284233346	0.0256841702559021	0.000701636799572455	0.0025720641571903	0.00521092640548629	0.00815803266082279	0.0114723213851816	0.0140770643216277
34	0.00382745202641673	0.00781218811599248	0.0165673983990269	0.0243270907091766	0.0184171378950936	0.0246644255513209	0.00070735172487047	0.00260091032409195	0.00527698264601257	0.00825545924209964	0.0116106592344493	0.0142516172164386
35	0.00395689661049509	0.00756944486057877	0.0169495258835761	0.0248263071181078	0.0161051026153099	0.0242407210010735	0.000713082458820886	0.00262964677379236	0.00534174863766266	0.0083515295678217	0.0117459356487568	0.0144218843325623
36	0.00385557613957211	0.00733383252474629	0.0165460005236382	0.0245853392688423	0.0139827100026506	0.0236816895258055	0.000718741980644615	0.00265714187090364	0.00540155209062311	0.00844224458869961	0.0118788097963081	0.0145892311586987
37	0.0037980026692176	0.00674391765701551	0.0163109479778019	0.0241155645123929	0.0129098628517601	0.0230627268433066	0.000724229973381808	0.0026841627432588	0.00545748195500392	0.00852897144600399	0.0120098394216069	0.0147545749105621
38	0.00372451596065449	0.00624720553982877	0.0165606426380589	0.0235058573998257	0.0115673927335758	0.0230441068425925	0.00072985141259135	0.00271049792562695	0.00551079830243527	0.00861409279101143	0.0121407916812205	0.0149190334350905
39	0.00347333423595338	0.00569129975282592	0.0166101117500594	0.0228844249424479	0.0104847611042269	0.0226317683689291	0.000734763061135198	0.0027342593556982	0.00555962456506187	0.00869534923878242	0.0122691143622603	0.0150780261666702
40	0.00323903324767816	0.00537187232187346	0.0166241058104019	0.0218797096946975	0.00950012649541696	0.0223194078331947	0.000739128112806316	0.00275545243895928	0.005604014788117	0.00877157559741004	0.012391582276819	0.0152301629372363
41	0.00319055866115459	0.0050531503290759	0.0166678040445904	0.0211746641948164	0.00872617000622112	0.0226383752092996	0.000742432276236478	0.00277435289140189	0.00564459711511309	0.00884270460834531	0.0125065051363623	0.0153748305638541
42	0.00322740423694442	0.00474380643587347	0.0165436645032663	0.0207269310638956	0.0082648570032708	0.0224430938304086	0.000745049173876967	0.00279156544576311	0.00568286285999377	0.00890974424201557	0.0126132830187723	0.0155109064734655
43	0.00320632983770983	0.00426097919754728	0.0169167681967663	0.0200784229898491	0.00759041626256751	0.0233444938698969	0.000747040705454041	0.00280722965709298	0.00571896291597081	0.00897191284208859	0.0127114684729734	0.0156373772129063
44	0.00313200151619779	0.00425384638486904	0.0168471548322959	0.0195301192069518	0.00706879488070645	0.0246582380871734	0.000748809505317379	0.00282234953810581	0.00575397954479652	0.00903172989403175	0.0128047627684701	0.0157584974429825
45	0.00302056642763531	0.00392084010051941	0.0165037391408405	0.0190205047172018	0.0064289052521688	0.0254241124837844	0.000750891771757188	0.00283709231587359	0.00578702600220366	0.0090869216738843	0.0128896706503316	0.0158703795251581
46	0.00279374332681005	0.00367486205966198	0.016353760563549	0.0186757645559948	0.00591596733767594	0.0255474958391317	0.000753405956000757	0.00285131344051747	0.00581774486277534	0.00913739445364311	0.0129674975964817	0.0159750703149929
47	0.00257809174582252	0.00374548741157178	0.0159929857960565	0.0185144971320662	0.00499785720040187	0.0252807750913288	0.000756174989743467	0.00286545516384988	0.0058476148419885	0.00918481475708623	0.0130400278963736	0.0160731876787187
48	0.00249307654395286	0.00360078799871109	0.0159329319699757	0.0182730615292013	0.00483216110934555	0.0252389363923039	0.000759188668234617	0.0028800017823024	0.00587630475206512	0.00922948595229008	0.0131081838037519	0.0161659849007266
49	0.00231724721155324	0.00334600398971356	0.0160024340106818	0.0182341177454777	0.00453234239121975	0.0246207302936842	0.000762092836187372	0.00289423671380011	0.00590320234543053	0.00927105475468144	0.0131723690432898	0.0162561105297104
50	0.00222630976726858	0.00335838884954094	0.0165366578799501	0.0181530149957865	0.00435382576647648	0.0244599569043228	0.000765234603619423	0.00290790803141877	0.00592791785556739	0.0093109470974259	0.0132352442711526	0.0163457577289228
51	0.00205120567379211	0.00335549581872734	0.0166330476991981	0.0180721351541424	0.00392828046731232	0.0236219999867313	0.000768578391714217	0.00292072222312567	0.00595133706824008	0.00935094121513211	0.0132979219029156	0.0164354432497839
52	0.00193186244700597	0.00355035348814486	0.0167060156569343	0.0179816789394367	0.00368445269782663	0.0231845757258463	0.000771998227178832	0.00293310656281047	0.00597509934491843	0.00939217241139789	0.0133598607258662	0.0165241549979994
53	0.0019481831970281	0.00357572642457964	0.0169054569525763	0.0179194494760947	0.00379923711687894	0.023053159125614	0.000775386697407067	0.00294488614452729	0.00600000608455669	0.00943579816086643	0.0134208192248715	0.0166115563693893
54	0.00172894864458542	0.00365891343277317	0.0166131409251783	0.0180077057928693	0.00365581822502493	0.022779648626015	0.000778738886220061	0.00295640198778183	0.00602572470191786	0.00948094899864915	0.0134837236198067	0.0167000723185604
55	0.00177694750297339	0.00372369487168162	0.0166634312821303	0.0176029333874469	0.00338996119396896	0.0226247201599945	0.000781785512008885	0.00296792471352855	0.00605208466838626	0.00952827287399485	0.0135488013862943	0.0167907907849782
56	0.00177440225097207	0.00383985665617851	0.0165823580812698	0.017625679041866	0.00290227742895797	0.0220892607601939	0.000784506509074259	0.00297918433459591	0.00607911333947346	0.00957738194151446	0.0136144553624431	0.0168813523261969
57	0.00185236963707858	0.0039529946903871	0.0164603924617188	0.0174396712329956	0.00228281993687223	0.0213757102257943	0.000787054065525731	0.00299038677342884	0.00610705220922373	0.00962747183771296	0.013679775685432	0.0169702408461806
58	0.00192055313641919	0.00405506278486244	0.0159130938751539	0.0174991445498958	0.0016552663285731	0.0204030508026791	0.000789074801584895	0.00300061160498188	0.00613466427811359	0.00967639918057791	0.0137420342459896	0.0170549620017022
59	0.00181535548134099	0.00435987496787917	0.0153652615211628	0.0178396861534142	0.0018858526119276	0.0191066622193478	0.000790813653022933	0.00301083230146218	0.00616211503256115	0.0097248111215507	0.0138060034344484	0.0171429918636258
60	0.00186263371296922	0.00464653528723086	0.0154321713414146	0.0178139961874896	0.00191060287239244	0.0187682265072657	0.000792636815946731	0.00302031657887104	0.00618764413041325	0.00976911127234069	0.0138671814984514	0.0172292775756273
61	0.00178830095442084	0.00494326685408243	0.0148012739878785	0.0176092853422345	0.00213837687836289	0.0178988659223965	0.000794210045735029	0.00302928453353952	0.00621044866929059	0.00980739800912353	0.013922186357486	0.0173096163454069
62	0.00178908598108587	0.00522079316051063	0.0141597743828847	0.0172290405032009	0.0020523246591502	0.0172771567625774	0.000795679892407676	0.00303857423470248	0.00623206412554331	0.00984084192967802	0.0139704257499758	0.0173830480454492
63	0.00177112098265356	0.00533667562613577	0.0139268831226717	0.0166394667588338	0.00193912301922971	0.0165813081339593	0.000796622778499998	0.00304686839062723	0.00625164663965364	0.00987015225396988	0.0140139771877992	0.0174510067907545
64	0.00174422565180453	0.00525145736612511	0.01321355426072	0.0162304175214013	0.00160247479181451	0.0159440177865777	0.000797114289978065	0.00305419250763586	0.00626949017043102	0.00989669786774137	0.0140548813801065	0.0175142131348621
65	0.00174125723690224	0.00526289156510866	0.0128716333449732	0.015853973950747	0.00188079832441762	0.0149853999206257	0.000797521069812027	0.00306106920624695	0.00628546360576436	0.00992072081320262	0.0140938471634395	0.0175742195234843
66	0.00157775177896337	0.00519009918147273	0.012182540589161	0.0153848549393206	0.00143166475310509	0.0142122985290726	0.00079825090725716	0.00306803799282616	0.00630036235575266	0.0099412461746408	0.0141287925880702	0.0176296800869327
67	0.00159666926561874	0.00521279443036651	0.0118699072125893	0.0153100001688555	0.00156814539900049	0.013515646578813	0.000799278607627818	0.00307606245549937	0.00631575360735882	0.00996124565934696	0.0141627036958072	0.0176824821175076
68	0.00154998966315249	0.00502563620964688	0.011560402890775	0.0150681527487688	0.00146624640906137	0.0129133650291144	0.000799979018033518	0.00308445518596076	0.00633080208524306	0.00998015423645258	0.0141944460378562	0.0177315760370511
69	0.0015229360940017	0.0049886214266025	0.0116299475089929	0.0145198209286798	0.00171737375321233	0.0129747488485961	0.000800760851461964	0.00309325312397822	0.00634573761919383	0.00999909668068904	0.014225671927309	0.0177784706110623
70	0.00146199632778226	0.00480736610292628	0.0116267537568031	0.0144968567885881	0.0019506627473242	0.0127826160732924	0.000802006439883235	0.00310180907897765	0.00635967421461641	0.0100161553261023	0.0142542527109722	0.017821146962196
71	0.00136916336349077	0.00470663555994051	0.0114417161860624	0.0149722825583044	0.00164206873825165	0.0126887726465073	0.000803329281307218	0.00311012131162535	0.00637279888455184	0.0100319522631024	0.0142818077969894	0.0178622969602649
72	0.00122813308079586	0.00469001376937676	0.0114291472799982	0.0148386505203106	0.00156934357415155	0.0132507041373754	0.000804353809790929	0.00311789746903979	0.00638578317104978	0.0100482430259764	0.0143103712094661	0.0179035901729504
73	0.0011142498620891	0.0044976394438803	0.011129972530471	0.0145673860875005	0.00121518903316366	0.0132493298623016	0.000805440562421293	0.00312514820606098	0.00639853115265055	0.0100649296404987	0.0143391534919331	0.0179451774317451
74	0.000996743394033641	0.00459103934603574	0.0113210544627341	0.0147154560737627	0.0014828665098134	0.0137515641043766	0.000806269509554761	0.00313220019576537	0.00641085165515237	0.0100808514898495	0.0143673416073757	0.0179872733892776
75	0.0010354365270508	0.00471046073663016	0.0109291608957866	0.01493887518535	0.0010375491783062	0.0138713904978625	0.000807025026910086	0.00313949554802261	0.00642300661637126	0.0100969390373403	0.01439653857181	0.0180303994465528
76	0.000957854375710934	0.00470496286284135	0.0106363898234313	0.0144990320921291	0.00148475780066026	0.0137943331878686	0.000807942540799792	0.003146920735491	0.00643583364999192	0.0101144269530657	0.0144266602673166	0.0180739117588888
77	0.000972022724421077	0.00473073703072441	0.0107319202703354	0.0143901990114418	0.0018775346700083	0.0137978444816105	0.000808795995642059	0.00315412367279394	0.00644986594311929	0.0101338264042615	0.0144581606812266	0.0181182650005274
78	0.000981484723734716	0.00494782481805857	0.0105077459001773	0.0139042000785498	0.00176804197737946	0.0140299210703404	0.000809950636654212	0.00316155067215904	0.00646523764044272	0.010154891482822	0.0144915884533714	0.0181658871654004
79	0.000935779402380782	0.00509511173713283	0.0104938562328744	0.0136933278105028	0.00206894457848966	0.0137695753845661	0.000811008333538525	0.00316838066869649	0.00648100559072969	0.0101770119084177	0.0145268414876238	0.0182173942945655
80	0.00101407369853982	0.00514029561136948	0.0102976312249409	0.0135804735034576	0.00128664425638253	0.013681596013538	0.00081189839282393	0.00317467971533572	0.00649757487454933	0.0102008931220026	0.0145639954735496	0.0182711421992929
81	0.00109699537775839	0.00532674904389951	0.0103282308325354	0.0133128817940032	0.00141956327154725	0.0137417128307963	0.000812817793966004	0.00318141574720809	0.00651560295180485	0.010225540555075	0.0146009224713252	0.0183258318013638
82	0.00116404282816949	0.00527741589379663	0.0101586374611409	0.0130949616845518	0.000283565288244109	0.0137954883587838	0.00081326964334586	0.00318783063517579	0.00653409713516278	0.0102508130911668	0.0146372702154369	0.0183798821996852
83	0.00121524068546434	0.00543716194129525	0.00993214964660181	0.0130532135864996	-0.000366369586108365	0.0135163281820923	0.000813632240100795	0.00319352024089873	0.00655164131187239	0.0102750464230202	0.0146721268134773	0.0184309904242834
84	0.00133180105497241	0.0055005098196553	0.00981759977955964	0.0132273230681932	-0.00113637410712936	0.0132697791823166	0.000813425963738867	0.00319777806383029	0.00656704827969929	0.0102978365780512	0.0147069458724738	0.0184815000759441
85	0.00121133104879505	0.00572269686484981	0.00962139513929408	0.0135155079299401	-0.00190495093523941	0.0131343857372036	0.000812793932455595	0.00320117721266293	0.0065798831726184	0.0103157216983318	0.0147372905420778	0.0185275387948119
86	0.00108215877520154	0.00584525435111547	0.00917794448425193	0.0131924428163976	-0.00213601716896887	0.0132841573324066	0.000812549764309083	0.00320485955606081	0.00659253929102273	0.0103337946952921	0.0147682424983768	0.0185731392212809
87	0.0010365150958962	0.00579696072451685	0.00900862615166131	0.0129074004904386	-0.00260043351633649	0.0128997077129504	0.000812002727285643	0.00320918694091064	0.00660524867726025	0.010352160248098	0.0147995676171181	0.0186172424142524
88	0.000834943541760983	0.00590654948416358	0.00860979844079305	0.0125401833361642	-0.00272614279330224	0.0126732578376961	0.000811306557906206	0.00321426003171285	0.0066192084883522	0.0103718549774354	0.0148325440234251	0.0186621142939758
89	0.000823790800370674	0.00593615725418418	0.00831764729086422	0.0116862791243116	-0.00287673339415286	0.0120334026209547	0.000810812263425443	0.00321988173351037	0.00663344718899855	0.01039216711352	0.0148661319987045	0.0187069523144945
90	0.000910517273118765	0.00602440808686113	0.00794716266316412	0.0112174184936075	-0.00272738640044242	0.0117691697678217	0.000810434867373514	0.00322537647803408	0.00664561301534221	0.0104105104836	0.0148972210283865	0.0187486670503067
91	0.000854143384215385	0.00581522856308182	0.00753280952778882	0.0106437465834656	-0.00269764419757225	0.0113980697022579	0.00080975608954528	0.0032306522619544	0.00665747405920466	0.0104275083014394	0.0149260414490037	0.0187876887927922
92	0.000907836631275024	0.00575544378443546	0.00745197488118618	0.0102087625910254	-0.00211533920847622	0.0108345786596887	0.000808753308549817	0.00323522318725648	0.00666723877852733	0.0104410494497973	0.0149517964816406	0.0188233500356347
93	0.000894855739196967	0.00554204182254949	0.00741916257106263	0.00959568771482081	-0.00242409938766089	0.0108430343245049	0.000807818906344573	0.00323936190680382	0.00667543199964327	0.0104521810287526	0.0149752407642625	0.0188569499265499
94	0.000991435909011926	0.0053802566217259	0.00783438503945224	0.00937598852773969	-0.00226905705926023	0.0107493796229173	0.000807050711486841	0.0032437394448834	0.00668282436320909	0.0104604273164133	0.0149945443758303	0.018885287103119
95	0.00111926382277664	0.00553372342042532	0.00862087454730544	0.00894997111494648	-0.00131773112077251	0.010473361116959	0.000806419258801464	0.00324737600697741	0.00668839850833288	0.0104660133342577	0.0150108397251783	0.0189091770854979
96	0.00108515821808849	0.00559912771144254	0.00898973503947349	0.0086748742278285	-0.000527537169527827	0.0102585783089454	0.000806105147649637	0.00325136453118737	0.00669384627275792	0.0104707889219542	0.0150255264561764	0.0189311666955422
97	0.000951107619717329	0.00544460233742709	0.00931517180514448	0.0082373689713322	-0.000412347251406436	0.0104726261107272	0.00080588213084398	0.0032554118721561	0.00669921560183981	0.0104738452002556	0.0150382982409066	0.0189514315872932
98	0.000868531651281808	0.00536610457566121	0.00945793227516652	0.00826318960152385	-0.000621027638171148	0.0109219826543764	0.000805717605778573	0.00326020946871183	0.0067051890040748	0.010476422408113	0.0150510965579376	0.0189727848824304
99	0.000833695627147498	0.00527844707248834	0.00950956463366326	0.00792059300140636	-0.00129136264342897	0.0111478154016155	0.000804923972265572	0.00326453581003404	0.00671084416996525	0.0104778861818232	0.0150631425387785	0.0189943011333481
100	0.000758391243434749	0.00530016933559094	0.00953511964217658	0.00765551183066904	-0.00199768916214766	0.0118223132096907	0.0008030965113492	0.0032677393164036	0.00671603088831318	0.0104792523158546	0.0150757790368315	0.0190175452626812
