years,WinterTemp,Precipitation,mRRD,zWinterTemp,zPrecipitation,zmRRD
2005,-15.0716391509434,112.5,0.00327320622084411,0.678139461222026,-1.13709123771421,-1.25079354208841
2007,-18.5632387971698,93.25,0.00573673676357803,-0.596283723894559,-1.46591957511028,-0.524249002912421
2008,-14.7897256202407,217.35,0.00592008410538612,0.781037037155124,0.653955576622318,-0.470176196567074
2009,-17.1176638176638,222.5,0.0128601647601497,-0.0686532804392433,0.741927833120486,1.57659270428189
2010,-17.1018081761006,236.6,0.00567191172371776,-0.0628660197935778,0.982783914018387,-0.543367206602349
2011,-16.2639150943396,89.6,0.00165061908046288,0.242962390745731,-1.52826884427888,-1.72932701497683
2012,-20.3743388,199.1,0.00974197952539518,-1.25732968220367,0.342209230779288,0.656977373701935
2013,-23.0987215046454,169.4,0.0124503231171256,-2.25172103164808,-0.165125918346079,1.45572218836955
2014,-13.1519096548004,231.8,0.00877089847875649,1.3788348521386,0.900790354563783,0.370586107470801
2015,-15.3874152385974,129.4,0.00627512432519619,0.562882155635282,-0.848405580467785,-0.365467718869621
2016,-14.8006087636933,251.2,0.00870390260017734,0.777064723101924,1.23218099069281,0.350827679927637
2017,-17.4338681171099,196.1,0.00911705508097112,-0.184066882019566,0.29096325612016,0.472674628264885
