lagtime	RRD_p|all	se_p|all
0.666666666666667	0.00142755784118515	0.00421343362967361
2	0.00497151203773274	0.0028836039073128
4	0.0111308370722213	0.00342981641696336
6	0.0177651474078207	0.00374312507021878
8	0.0142552887005603	0.00395596594603683
10	0.00705853610837569	0.00410096250633595
12	0.00299773899226814	0.00421497550644968
14	0.00155375292325535	0.00427149733299065
16	0.000198107812330992	0.00430840224452904
18	-0.00163351345332838	0.00433670891934213
20	-0.00342514272566888	0.00434504825727494
