lagtime	RRD_p|all	se_p|all
1.33333333333333	0.000417652618109937	0.000777382966825184
4	0.00235836603650149	0.000567970477941251
8	0.00559046109215356	0.000717385441481151
12	0.00615316005930445	0.000829325300289685
16	0.00654981665843113	0.000892531717871384
20	0.00680746910782639	0.00092120632408401
24	0.00856621439945911	0.000937437273068413
28	0.00974197952539518	0.000955033744397322
32	0.00958515556099153	0.000978816624963677
36	0.00823593813386636	0.000984303259636204
40	0.00712431757214241	0.000984107763425183
44	0.0073263555878798	0.000982932010529491
48	0.0062417286875599	0.000983674472706567
52	0.00513347916479386	0.000988099524349914
56	0.00458437033865987	0.000990825741450009
60	0.00410677211539792	0.0010048373031416
