lagtime	RRD_p|all	se_p|all
1.33333333333333	-2.96533248500554e-06	0.000679347126469262
4	0.00105126573663748	0.000524163316393541
8	0.0048110469056523	0.00065271081858523
12	0.00612297053975033	0.000765872186506193
16	0.00764125101312821	0.000887853372109023
20	0.00731449255193581	0.000970623434841266
24	0.00646129296519347	0.00103065697609339
28	0.00761831874012614	0.00109459002152237
32	0.00870390260017734	0.00113834842045533
36	0.00831981437070585	0.00116288182853797
40	0.00773096765719323	0.00117530949103799
44	0.00737223901422999	0.00118790011465489
48	0.00689425666616772	0.00120581687066185
52	0.00641521250928138	0.0012083367771618
56	0.00582433433457841	0.00119965948122791
60	0.00659362005721341	0.00119468664627433
