lagtime	RRD_p|all	se_p|all
1.33333333333333	0.000544472209237546	0.00020671534863681
4	0.000328155106536276	0.000165867196448552
8	0.000335341477204514	0.000208217694778117
12	0.00073354657040018	0.000230984551058451
16	0.000995893762096011	0.00024815509877946
20	0.00133607727043129	0.000259191455799471
24	0.00146561099846055	0.000267348740792027
28	0.00138310290423402	0.000276716855355808
32	0.00149206273122298	0.000286572037281583
36	0.00156007048030191	0.000294956911554649
40	0.00154072936919699	0.000303507459164041
44	0.00158565945499014	0.000310084324209025
48	0.00152759854497717	0.000313323399278008
52	0.00164116516604471	0.000316462546268269
56	0.00165061908046288	0.000321109782263627
60	0.0012996010081862	0.000326216007325592
