lagtime	RRD_p|all	se_p|all
1.33333333333333	0.00129815128498795	0.00031601267914145
4	0.00147984509753684	0.000282251940336925
8	0.00303562317403539	0.000415248834546379
12	0.00373983499884489	0.000559459891784018
16	0.00400978804443743	0.000701427902999631
20	0.0043944665964134	0.000847326434404135
24	0.00472296844141193	0.000985721740877621
28	0.00501794903955067	0.00111051083839786
32	0.00539835640687617	0.00122733711761096
36	0.00585031553267484	0.00134246967273555
40	0.00621743428428234	0.00145983336513646
44	0.00627512432519619	0.00157749219859598
48	0.00620837969037915	0.00169001942103552
52	0.00601863510033027	0.00179142630961501
56	0.00586375826462137	0.00188127999519813
60	0.00580359318932269	0.0019577582909714
