lagtime	RRD_p|all	se_p|all
1.33333333333333	0.000931337463239708	0.000177902489099067
4	0.0018266861489855	0.000183568766921593
8	0.0035734826557827	0.000269784280666155
12	0.00500386710708628	0.000339839624188681
16	0.00537000255022793	0.000395069231493789
20	0.00542695404065253	0.000433678820252127
24	0.00518354466754134	0.000460464492070325
28	0.00482606510481442	0.000478443234738821
32	0.00466142396297969	0.000489758864000668
36	0.00496610004872226	0.000495047737421824
40	0.00553275065302239	0.000497674686850084
44	0.00567191172371776	0.000499524818149118
48	0.00542826970913412	0.000501536246621985
52	0.00515449114619277	0.000503028174640787
56	0.00492687174784923	0.00050394339049118
60	0.00477788079727775	0.00050511129324769
