lagtime	RRD_p|all	se_p|all
1.33333333333333	0.000447649532693077	0.00061845509842088
4	0.00199994920618038	0.000464354336133445
8	0.0048336266323947	0.000581788972649289
12	0.00773868306029686	0.000682245622549893
16	0.00871395592433137	0.00076306219577338
20	0.00877089847875649	0.000828300785427677
24	0.00859029388092002	0.000876242243363059
28	0.00807699358516236	0.000918143806013037
32	0.0076864645051979	0.000955211784272205
36	0.00752916858240725	0.000987072823305196
40	0.0069250554340652	0.00101665533572832
44	0.00607632137955514	0.00104343178022918
48	0.00541203895935554	0.0010702076578731
52	0.00477787108725833	0.00109087506880068
56	0.00455385899661791	0.00110772584956639
60	0.00398821784743556	0.00112423691345136
