lagtime	RRD_p|all	se_p|all
1.33333333333333	0.00178419903327516	0.000632504528480611
4	0.00513190487700244	0.000560588981028993
8	0.0102529850897896	0.00072460717515798
12	0.0128601647601497	0.000842246403098128
16	0.0125178644288011	0.000943431359455073
20	0.0113926575525292	0.00100392477951073
24	0.0103548557568951	0.00101477869795902
28	0.00941650529418478	0.000986267307093983
32	0.00816310524872772	0.000954547673475119
36	0.00699340197252115	0.000940288187517983
40	0.00643911274316963	0.000946095089637787
44	0.00585164391460346	0.000948450349075056
48	0.00513778161896367	0.000937035157173336
52	0.00479770435469755	0.000927692716018449
56	0.00450228694756316	0.000915659094976576
60	0.0041288867237809	0.000919633864982855
