lagtime	RRD_p|all	se_p|all
1.33333333333333	0.000919711637884236	0.000371657013185612
4	0.00295966409658586	0.000270775246095763
8	0.00500901459152939	0.000343809688606319
12	0.00580890856613048	0.000404666898516524
16	0.00592008410538612	0.000461449307371281
20	0.00538827703614961	0.000511876751413763
24	0.00515479567610378	0.000552961956499739
28	0.0044527524161442	0.000587436209063066
32	0.00467459496796355	0.0006191407406046
36	0.00464458877557889	0.000646567738302157
40	0.00417038160436827	0.000675588860090601
44	0.00415572356432049	0.000702581550954316
48	0.00410461741623295	0.000720008841045156
52	0.00397766376522262	0.00073219780360191
56	0.00376847685637471	0.000742658499160635
60	0.0034493168750674	0.000751153469579706
