lagtime	RRD_p|all	se_p|all
1.33333333333333	0.00177153948938331	0.000341936355519293
4	0.00220276405027025	0.00029362487109008
8	0.00416766463433117	0.000379259306319814
12	0.00528827567336681	0.000438468194830705
16	0.0056192650898244	0.000474330026701732
20	0.00573673676357803	0.000512369246192281
24	0.00565673872772455	0.000547713617922444
28	0.00525730441772903	0.000584211686746488
32	0.00468279457488268	0.000598998814979619
36	0.00461112777614992	0.000596811940839174
40	0.00497002715605908	0.00059460340989168
44	0.00478657266218238	0.000597125364027237
48	0.00440458938835389	0.00060608149105768
52	0.0043217579113383	0.00060939998167033
56	0.00429039446360617	0.00060479889768505
60	0.00393556274477134	0.000597358242634114
