lagtime	RRD_p|all	se_p|all
1.33333333333333	-0.0015418915444253	0.00158343369063638
4	0.00230752066833536	0.00113123927565248
8	0.00916027685679286	0.00130737426706269
12	0.0125786880844302	0.00134721234774842
16	0.012463242386426	0.0014395422569564
20	0.0116621993196952	0.00147378659690387
24	0.0107505195071494	0.00152629916570878
28	0.00983696895898137	0.00153372280754542
32	0.00878444047716275	0.00156194095982976
36	0.00751467509295626	0.00158371176276196
40	0.00629040425277771	0.00162424104987628
44	0.00577419272796329	0.00164711588898755
48	0.0053531561021871	0.0016670205969516
52	0.00504078996850722	0.00166617201174396
56	0.00454324493420808	0.00169154600974517
60	0.00408533639163407	0.00172735122296103
