lagtime	RRD_p|all	se_p|all
1.33333333333333	0.000323029678860828	0.000200546674123203
4	0.000630000392882744	0.000172186094572182
8	0.00121760248740664	0.000247199907775533
12	0.00197519680551036	0.0003177020198967
16	0.00235256540749997	0.000378666163204961
20	0.00277175334233962	0.000428910859208678
24	0.00300984893071629	0.000471908033070768
28	0.00307124761034593	0.000510600827808907
32	0.00304848753849551	0.000544165573078491
36	0.00313756253446755	0.000572605545105419
40	0.00327320622084411	0.000597889988901682
44	0.0030756933155953	0.000623875296474657
48	0.00294427008087043	0.00064903099815145
52	0.0028509778790271	0.000671668934298653
56	0.00292539205084521	0.000692380671055865
60	0.00317768484264091	0.00070815791597421
