lagtime	RRD_p|all	se_p|all
1.33333333333333	0.00208879162824044	0.0011474066171479
4	0.0044974150548637	0.000891093652503645
8	0.00843035858188018	0.00117394947727776
12	0.0118646694768289	0.00142628912435148
16	0.0124503231171256	0.00168202825511222
20	0.0120049046132243	0.00189316346477172
24	0.0110136732363996	0.00206814024897592
28	0.0105441143321158	0.00222597566273898
32	0.00968278007077423	0.00237778341026312
36	0.00901389265359775	0.00251267761868855
40	0.00790633211994705	0.0026206805627611
44	0.00670450686251737	0.00271787082857413
48	0.00569656073931575	0.00280932198328337
52	0.0049402559093201	0.00289034217464665
56	0.00420609282335341	0.00296370819985703
60	0.00366415358526873	0.00303278550846199
