lagtime	RRD_p|all	se_p|all
1.33333333333333	-0.000801687604793953	0.000641559187856023
4	0.00245925289442244	0.000466428716635026
8	0.00684447290070342	0.000563833756664876
12	0.00841532428740195	0.000635102692994443
16	0.00911705508097112	0.000715198204473227
20	0.00886149912391167	0.000778109343378462
24	0.00817521166001401	0.00080644935859983
28	0.00758069771021436	0.000821159718851007
32	0.00721028553933995	0.000829101776629402
36	0.00634967091289288	0.00084591289001729
40	0.00562719777109274	0.00085300778877322
44	0.00490835333750534	0.000848807437502126
48	0.00445396948859357	0.000842100746032732
52	0.00470536441156466	0.000831124299164163
56	0.00496393810681987	0.000822187884424847
60	0.00578131312303115	0.000814853796234722
