lagtime	RRD_p|all	se_p|all
0.666666666666667	0.0280433074713985	0.00531927583205773
2	0.0330511149626584	0.00359050259956942
4	0.0163154071504388	0.00407516818823731
6	0.0152323840208918	0.00434585311415753
8	0.0114520396947874	0.00454453785958151
10	0.00657091162655312	0.00470661447770716
12	0.00680187398793646	0.00482118768549195
14	0.00682838708134973	0.00489677085496351
16	0.00819949500802877	0.00496001847033965
18	0.00718240572791184	0.00501045707265797
20	0.00406476870016289	0.00504104117792856
22	0.00140241334587192	0.00505643524101896
24	0.00186153663137416	0.00506968544181245
26	-0.000800347450003308	0.00508235968004735
28	-0.000514447919092687	0.00508793612841622
30	0.00116993155450639	0.00510199301150861
32	0.000541761459146124	0.0051042266724101
34	0.00115022367631222	0.00510071053531168
36	0.00097240334180239	0.00509226019894026
38	-0.00297922806135409	0.00508262249213818
40	-0.00635604917879258	0.00508205901766536
