lagtime	RRD_p|all	se_p|all
0.666666666666667	-0.000233392682849853	0.00322796827416179
2	0.00782416160107182	0.0021814226812097
4	0.0117062331423044	0.00246801620696237
6	0.0142555075793084	0.00261499747785433
8	0.0120097199526552	0.00271179377274874
10	0.00677478696114938	0.00278331190800117
12	0.00483238307162403	0.00282851973329766
14	0.00358592448348578	0.00285554819755227
16	0.00275849539756505	0.0028731318507639
18	0.000961811361730745	0.00288440562914777
20	0.000887687599489505	0.00289023224473999
22	-0.000927308470572598	0.00289407482145989
24	-0.000666045084573728	0.00289586997143066
26	0.000213080282468376	0.00290100279519713
28	-0.00078560312410908	0.00290698726929286
30	0.000913726629452456	0.00291914492914885
32	-0.000158427878912367	0.00292440240593876
34	-0.000139925923608365	0.00292430385827441
36	-0.00082527026521071	0.00292759753007097
38	-0.00179508458715684	0.00292842386596237
40	-0.00319539072408249	0.00293650868884943
