years,WinterTemp,Precipitation,mRRD,zWinterTemp,zPrecipitation,zmRRD
2005,-13.6657284768212,112.5,0.00252686296323796,0.504058785564671,-1.13709123771421,-1.3155709691914
2007,-17.5873471302428,93.25,0.00478425127904339,-0.729427943875703,-1.46591957511028,-0.697803579817412
2008,-13.6606712696586,217.35,0.00550567283780261,0.505649454743489,0.653955576622318,-0.500375999514825
2009,-15.506508135169,222.5,0.0114890568439237,-0.0749310349816631,0.741927833120486,1.13706470627915
2010,-16.1147626931567,236.6,0.00540564762862002,-0.266248445394561,0.982783914018387,-0.527749363643481
2011,-14.151710816777,89.6,0.00162423832072957,0.351200279918059,-1.52826884427888,-1.56258742846996
2012,-18.9538433257918,199.1,0.00999040283107659,-1.15923896631405,0.342209230779288,0.726936076388957
2013,-22.0654316717531,169.4,0.0134225202340515,-2.13794272907686,-0.165125918346079,1.66618529337817
2014,-9.96659269162211,231.8,0.00904253395195474,1.66756684299906,0.900790354563783,0.467537868812504
2015,-13.5865620437956,129.4,0.00531525737154041,0.528959407778147,-0.848405580467785,-0.552485981951435
2016,-12.4640328947368,251.2,0.00909574554991032,0.882034229973291,1.23218099069281,0.482100002284745
2017,-15.4961717574148,196.1,0.00980701524172107,-0.071679881333886,0.29096325612016,0.676749375444983
