lagtime	RRD_|all	RRD_dw|all	se_|all	se_dw|all
0.666666666666667	0.00110734956806532	0.000239308040460233	0.00295591745292984	0.00340304077953312
2	0.0109717579213338	0.00567946001316707	0.00189618585588472	0.00171517251022932
4	0.0126367021828863	0.00405862582111597	0.00211034944843714	0.00169863390323301
6	0.010159737210227	0.00422486918044991	0.00220585702566579	0.00166208136624791
8	0.0070103596396112	0.00367921392882689	0.00225141468777153	0.00164013825907552
10	0.00620412908097999	0.000732961515535886	0.00224291329377776	0.00161857739160942
12	0.00691987757834567	-0.00372196142956365	0.00222098145527918	0.00156641678290358
14	0.00389711199910603	-0.00261973459905515	0.0021893246192748	0.00152569253567512
16	0.00136679078261723	-0.00326577750715238	0.00215508733928819	0.00149505041390112
18	0.00107159674452811	-0.000665388907439796	0.00211388986606821	0.00149081779231226
20	0.00165361035294152	-0.000319712354680133	0.0020836500464243	0.00148193172184414
