timestep	time	weight	P	Q	Qfitted	Qresidual
7	7	0	4.6	0.526642857142857	-0.375475279602263	0.90211813674512
8	8	0	0	0.303321428571429	-0.720617150512574	1.023938579084
9	9	0	0.2	0.159892857142857	-2.26539539361399	2.42528825075685
10	10	0	0.4	0.195	-2.3954859179027	2.5904859179027
11	11	0	0	0.352450000000001	-2.27730273011802	2.62975273011802
12	12	0	0.6	0.427514285714286	-1.24161965682009	1.66913394253437
13	13	0	0.6	1.37492142857143	-0.388737120046403	1.76365854861783
14	14	0	9.2	1.59342857142857	-0.794584196587124	2.3880127680157
15	15	0	0	1.17537142857143	-1.88244511030295	3.05781653887438
16	16	0	0	1.16097662337662	-5.10762580986806	6.26860243324468
17	17	0	0		-5.12046476909198	
18	18	0	0		-4.37499419302722	
19	19	0	0		-1.8591232496086	
20	20	0	1.6		-0.0341067810055248	
21	21	0	0		-0.208476515499075	
22	22	0	0		-0.786480711648104	
23	23	0	0		-0.821182489813543	
24	24	0	0		-0.739782091230345	
25	25	0	0		-0.323325782540625	
26	26	0	0		0	
27	27	0	0		0	
28	28	0	0		0	
29	29	0	0		0	
30	30	0	0		0	
31	31	0	0		0	
32	32	0	0		0	
33	33	0	0		0	
34	34	0	0		0	
35	35	0	2		-0.042633476256906	
36	36	0	9.8		-0.469499678032682	
37	37	0	0		-2.26001954699196	
38	38	0	0		-5.84367247111157	
39	39	0	0		-5.95447036414588	
40	40	0	0		-4.93532253696165	
41	41	0	0		-1.98037041806133	
42	42	0	0		0	
43	43	0	0.4		-0.0085266952513812	
44	44	0	2.2		-0.0990159527573652	
45	45	0	0		-0.483275386723254	
46	46	0	2		-1.32934007722643	
47	47	0	0.2		-1.57893043830074	
48	48	0	0		-2.1071922750744	
49	49	0	0		-1.5693611522163	
50	50	0	0.4		-1.03590212051601	
51	51	0	0.6		-0.561539161331415	
52	52	0	0.4		-0.323741289293138	
53	53	0	0		-0.552345018196193	
54	54	0	0.6		-0.702299177276762	
55	55	0	0.8		-0.658777436114837	
56	56	0	0		-0.705361215877897	
57	57	0	0		-0.782015235139287	
58	58	0	0		-0.688009529118151	
59	59	0	0		-0.491138214067907	
60	60	0	0		-0.161662891270313	
61	61	0	0		0	
62	62	0	0		0	
63	63	0	0		0	
64	64	0	0		0	
65	65	0	0.2		-0.0042633476256906	
66	66	0	0		-0.0260595644373843	
67	67	0	0		-0.098310088956013	
68	68	0	0		-0.102647811226693	
69	69	0	0		-0.0924727614037931	
70	70	0	0		-0.0404157228175782	
71	71	0	0		0	
72	72	0	0.2		-0.0042633476256906	
73	73	0	0		-0.0260595644373843	
74	74	0	0		-0.098310088956013	
75	75	0	0		-0.102647811226693	
76	76	0	0		-0.0924727614037931	
77	77	0	0		-0.0404157228175782	
78	78	0	1		-0.021316738128453	
79	79	0	0.4		-0.138824517438303	
80	80	0	0		-0.543669573654834	
81	81	0	0		-0.70985923404549	
82	82	0	0		-0.667659429472351	
83	83	0	0		-0.387024136895477	
84	84	0	0		-0.0808314456351563	
85	85	0	0		0	
86	86	0	0		0	
87	87	0	0		0	
88	88	0	0		0	
89	89	0	0		0	
90	90	0	0		0	
91	91	0	0		0	
92	92	0	0		0	
93	93	0	0		0	
94	94	0	0		0	
95	95	0	0		0	
96	96	0	0		0	
97	97	0	0		0	
98	98	0	0		0	
99	99	0	0		0	
100	100	0	0		0	
101	101	0	0		0	
102	102	0	0		0	
103	103	0	0		0	
104	104	0	0		0	
105	105	0	0		0	
106	106	0	0		0	
107	107	0	0		0	
108	108	0	0		0	
109	109	0	0		0	
110	110	0	0		0	
111	111	0	0		0	
112	112	0	0		0	
113	113	0	0		0	
114	114	0	0		0	
115	115	0	0		0	
116	116	0	0		0	
117	117	0	0		0	
118	118	0	0		0	
119	119	0	0		0	
120	120	0	0		0	
121	121	0	0		0	
122	122	0	0		0	
123	123	0	0		0	
124	124	0	0		0	
125	125	0	0		0	
126	126	0	0		0	
127	127	0	0		0	
128	128	0	0		0	
129	129	0	0		0	
130	130	0	0		0	
131	131	0	0		0	
132	132	0	0		0	
133	133	0	0		0	
134	134	0	0		0	
135	135	0	0		0	
136	136	0	0		0	
137	137	0	0		0	
138	138	0	0		0	
139	139	0	0		0	
140	140	0	0		0	
141	141	0	0		0	
142	142	0	0		0	
143	143	0	0		0	
144	144	0	0		0	
145	145	0	0		0	
146	146	0	0		0	
147	147	0	0		0	
148	148	0	0		0	
149	149	0	0		0	
150	150	0	0		0	
151	151	0	0		0	
152	152	0	0		0	
153	153	0	0		0	
154	154	0	0		0	
155	155	0	0		0	
156	156	0	0		0	
157	157	0	0		0	
158	158	0	0		0	
159	159	0	0		0	
160	160	0	0		0	
161	161	0	0		0	
162	162	0	0		0	
163	163	0	0		0	
164	164	0	0		0	
165	165	0	0		0	
166	166	0	0		0	
167	167	0	0		0	
168	168	0	0		0	
169	169	0	0		0	
170	170	0	0		0	
171	171	0	0		0	
172	172	0	0		0	
173	173	0	0		0	
174	174	0	0		0	
175	175	0	0		0	
176	176	0	0		0	
177	177	0	0		0	
178	178	0	0		0	
179	179	0	0		0	
180	180	0	0		0	
181	181	0	0		0	
182	182	0	0		0	
183	183	0	0		0	
184	184	0	0		0	
185	185	0	0		0	
186	186	0	0		0	
187	187	0	0		0	
188	188	0	0		0	
189	189	0	0		0	
190	190	0	0		0	
191	191	0	0		0	
192	192	0	0		0	
193	193	0	0		0	
194	194	0	0		0	
195	195	0	0		0	
196	196	0	0		0	
197	197	0	0		0	
198	198	0	0		0	
199	199	0	0		0	
200	200	0	0		0	
201	201	0	0		0	
202	202	0	0		0	
203	203	0	0		0	
204	204	0	0		0	
205	205	0	0		0	
206	206	0	0		0	
207	207	0	0		0	
208	208	0	0		0	
209	209	0	0		0	
210	210	0	0		0	
211	211	0	0		0	
212	212	0	0		0	
213	213	0	0		0	
214	214	0	0		0	
215	215	0	0		0	
216	216	0	0		0	
217	217	0	0		0	
218	218	0	0		0	
219	219	0	0		0	
220	220	0	0		0	
221	221	0	0		0	
222	222	0	0		0	
223	223	0	0		0	
224	224	0	0		0	
225	225	0	0		0	
226	226	0	0		0	
227	227	0	0		0	
228	228	0	0		0	
229	229	0	0		0	
230	230	0	0		0	
231	231	0	0		0	
232	232	0	0		0	
233	233	0	0		0	
234	234	0	0		0	
235	235	0	0		0	
236	236	0	0		0	
237	237	0	0		0	
238	238	0	0		0	
239	239	0	0		0	
240	240	0	0		0	
241	241	0	0		0	
242	242	0	0		0	
243	243	0	0		0	
244	244	0	0		0	
245	245	0	0		0	
246	246	0	0		0	
247	247	0	0		0	
248	248	0	0		0	
249	249	0	0		0	
250	250	0	0		0	
251	251	0	0		0	
252	252	0	0		0	
253	253	0	0		0	
254	254	0	0		0	
255	255	0	0		0	
256	256	0	0		0	
257	257	0	0		0	
258	258	0	0		0	
259	259	0	0		0	
260	260	0	0		0	
261	261	0	0		0	
262	262	0	0		0	
263	263	0	0		0	
264	264	0	0		0	
265	265	0	0		0	
266	266	0	0		0	
267	267	0	0		0	
268	268	0	0		0	
269	269	0	0		0	
270	270	0	0		0	
271	271	0	0		0	
272	272	0	0		0	
273	273	0	0		0	
274	274	0	0		0	
275	275	0	0		0	
276	276	0	0		0	
277	277	0	0		0	
278	278	0	0		0	
279	279	0	0		0	
280	280	0	0		0	
281	281	0	0		0	
282	282	0	0		0	
283	283	0	0		0	
284	284	0	0		0	
285	285	0	0		0	
286	286	0	0		0	
287	287	0	0		0	
288	288	0	0		0	
289	289	0	0		0	
290	290	0	0		0	
291	291	0	0		0	
292	292	0	0		0	
293	293	0	0		0	
294	294	0	0		0	
295	295	0	0		0	
296	296	0	0		0	
297	297	0	0		0	
298	298	0	0		0	
299	299	0	0		0	
300	300	0	0		0	
301	301	0	0		0	
302	302	0	0		0	
303	303	0	0		0	
304	304	0	0		0	
305	305	0	0		0	
306	306	0	0		0	
307	307	0	0		0	
308	308	0	0		0	
309	309	0	0		0	
310	310	0	0		0	
311	311	0	0		0	
312	312	0	0		0	
313	313	0	0		0	
314	314	0	0		0	
315	315	0	0		0	
316	316	0	0		0	
317	317	0	0		0	
318	318	0	0		0	
319	319	0	0		0	
320	320	0	0		0	
321	321	0	0		0	
322	322	0	0		0	
323	323	0	0		0	
324	324	0	0		0	
325	325	0	0		0	
326	326	0	0		0	
327	327	0	0		0	
328	328	0	0		0	
329	329	0	0		0	
330	330	0	0		0	
331	331	0	0		0	
332	332	0	0		0	
333	333	0	0		0	
334	334	0	0		0	
335	335	0	0		0	
336	336	0	0		0	
337	337	0	0		0	
338	338	0	0		0	
339	339	0	0		0	
340	340	0	0		0	
341	341	0	0		0	
342	342	0	0		0	
343	343	0	0		0	
344	344	0	0		0	
345	345	0	0		0	
346	346	0	0		0	
347	347	0	0		0	
348	348	0	0		0	
349	349	0	0		0	
350	350	0	0		0	
351	351	0	0		0	
352	352	0	0		0	
353	353	0	0		0	
354	354	0	0		0	
355	355	0	0		0	
356	356	0	0		0	
357	357	0	0		0	
358	358	0	0		0	
359	359	0	0		0	
360	360	0	0		0	
361	361	0	0		0	
362	362	0	0.4		-0.0085266952513812	
363	363	0	0.4		-0.0606458241261498	
364	364	0	0		-0.248739306786795	
365	365	0	1		-0.423232538493865	
366	366	0	0	3.96342857142857	-0.520538967447894	4.48396753887646
367	367	0	0.6	7.5555	-0.77011745609988	8.32561745609988
368	368	0	0	30.3408	-0.672249195080773	31.0130491950808
369	369	0	0.6	104.772857142857	-0.770084116764077	105.542941259621
370	370	0	0	73.1082857142857	-0.588200741080122	73.6964864553658
371	371	0	0	62.9938697142856	-0.572348551079418	63.5662182653651
372	372	0	0	104.595557142857	-0.429190602132813	105.02474774499
373	373	0	0	100.494257142857	-0.277418284211379	100.771675427069
374	374	0	0	55.0042	-0.121247168452735	55.1254471684527
375	375	0	0	49.7270857142856	0	49.7270857142856
376	376	0	0	63.5741142857142	0	63.5741142857142
377	377	0	0	11.0721214285714	0	11.0721214285714
378	378	0	2	0.759799999999999	-0.042633476256906	0.802433476256905
379	379	0	0.2	1.97931428571429	-0.264858991999534	2.24417327771382
380	380	0	0	1.97091428571429	-1.00916045399751	2.9800747397118
381	381	0	0	0.310985714285716	-1.12478820122294	1.43577391550866
382	382	0	0	1.27279285714286	-1.02737542526462	2.30016828240748
383	383	0	0	4.18834285714285	-0.496629989579575	4.68497284672243
384	384	0	0		-0.0404157228175782	
385	385	0	0		0	
386	386	0	0		0	
387	387	0	0		0	
388	388	0	0		0	
389	389	0	0		0	
390	390	0	0		0	
391	391	0	0		0	
392	392	0	0		0	
393	393	0	0		0	
394	394	0	0		0	
395	395	0	0.6		-0.0127900428770718	
396	396	0	0		-0.078178693312153	
397	397	0	1.8		-0.333300395499254	
398	398	0	0		-0.542479513616537	
399	399	0	0		-1.1622090848155	
400	400	0	0		-1.04507746949297	
401	401	0	4.4		-0.926048500399332	
402	402	0	5.6		-1.0564256565	
403	403	0	0		-2.89248976127905	
404	404	0	0		-5.01093433775561	
405	405	0	1.6		-4.94264624623637	
406	406	0	0.2		-3.69112308441769	
407	407	0	0		-1.94418051497768	
408	408	0	0		-0.919492578769555	
409	409	0	0		-0.842429902457038	
410	410	0	0		-0.415798543944419	
411	411	0	12.2		-0.300479927984705	
412	412	0	0.2		-1.59389677830613	
413	413	0	7		-6.17219215765335	
414	414	0	0		-7.27191132909273	
415	415	0	0.2		-9.18860271794422	
416	416	0	0		-6.17656481064769	
417	417	0	6.2		-3.50743623730276	
418	418	0	2.4		-2.37620477890913	
419	419	0	4.6		-3.55085728767969	
420	420	0	2.6		-5.05701243951103	
421	421	0	0		-6.6983357219122	
422	422	0	1.2		-6.02707144458669	
423	423	0	1.6		-4.13674789967502	
424	424	0	0		-2.93004457228876	
425	425	0	0		-1.92777197563678	
426	426	0	0		-1.3760190582363	
427	427	0	0.6		-0.995066471012886	
428	428	0	0		-0.401504475852778	
429	429	0	0		-0.294930266868039	
430	430	0	0		-0.307943433680078	
431	431	0	0		-0.277418284211379	
432	432	0	0		-0.121247168452735	
433	433	0	0		0	
434	434	0	0.2		-0.0042633476256906	
435	435	0	0		-0.0260595644373843	
436	436	0	0		-0.098310088956013	
437	437	0	0		-0.102647811226693	
438	438	0	0		-0.0924727614037931	
439	439	0	0		-0.0404157228175782	
440	440	0	0		0	
441	441	0	0		0	
442	442	0	0		0	
443	443	0	0		0	
444	444	0	0		0	
445	445	0	0.2		-0.0042633476256906	
446	446	0	0		-0.0260595644373843	
447	447	0	0		-0.098310088956013	
448	448	0	0		-0.102647811226693	
449	449	0	0		-0.0924727614037931	
450	450	0	0		-0.0404157228175782	
451	451	0	0		0	
452	452	0	0		0	
453	453	0	0		0	
454	454	0	0		0	
455	455	0	0		0	
456	456	0	0		0	
457	457	0	0		0	
458	458	0	0		0	
459	459	0	0		0	
460	460	0	0		0	
461	461	0	0		0	
462	462	0	0		0	
463	463	0	0		0	
464	464	0	0		0	
465	465	0	0		0	
466	466	0	0		0	
467	467	0	0		0	
468	468	0	0		0	
469	469	0	0		0	
470	470	0	0		0	
471	471	0	0		0	
472	472	0	0		0	
473	473	0	0		0	
474	474	0	0		0	
475	475	0	0		0	
476	476	0	0		0	
477	477	0	0		0	
478	478	0	0		0	
479	479	0	0		0	
480	480	0	0		0	
481	481	0	0		0	
482	482	0	0		0	
483	483	0	0		0	
484	484	0	0		0	
485	485	0	0		0	
486	486	0	0		0	
487	487	0	0		0	
488	488	0	0		0	
489	489	0	0		0	
490	490	0	0		0	
491	491	0	0		0	
492	492	0	0		0	
493	493	0	0		0	
494	494	0	0		0	
495	495	0	0		0	
496	496	0	0		0	
497	497	0	0		0	
498	498	0	0		0	
499	499	0	0		0	
500	500	0	0		0	
501	501	0	0		0	
502	502	0	0		0	
503	503	0	0		0	
504	504	0	0		0	
505	505	0	0		0	
506	506	0	0		0	
507	507	0	0		0	
508	508	0	0		0	
509	509	0	0		0	
510	510	0	0		0	
511	511	0	0		0	
512	512	0	0		0	
513	513	0	0		0	
514	514	0	0		0	
515	515	0	0		0	
516	516	0	0		0	
517	517	0	0		0	
518	518	0	0		0	
519	519	0	0		0	
520	520	0	0		0	
521	521	0	0		0	
522	522	0	0		0	
523	523	0	0		0	
524	524	0	0		0	
525	525	0	0		0	
526	526	0	0		0	
527	527	0	0		0	
528	528	0	0		0	
529	529	0	0		0	
530	530	0	0		0	
531	531	0	0		0	
532	532	0	0		0	
533	533	0	0		0	
534	534	0	0		0	
535	535	0	0		0	
536	536	0	0		0	
537	537	0	0		0	
538	538	0	0		0	
539	539	0	0		0	
540	540	0	0		0	
541	541	0	0		0	
542	542	0	0		0	
543	543	0	0		0	
544	544	0	0		0	
545	545	0	0		0	
546	546	0	0		0	
547	547	0	0		0	
548	548	0	0		0	
549	549	0	0		0	
550	550	0	0		0	
551	551	0	0		0	
552	552	0	0		0	
553	553	0	0		0	
554	554	0	0		0	
555	555	0	0		0	
556	556	0	0		0	
557	557	0	0		0	
558	558	0	0		0	
559	559	0	0		0	
560	560	0	0		0	
561	561	0	0		0	
562	562	0	0		0	
563	563	0	0		0	
564	564	0	0		0	
565	565	0	0		0	
566	566	0	0		0	
567	567	0	0		0	
568	568	0	0		0	
569	569	0	0		0	
570	570	0	0		0	
571	571	0	0		0	
572	572	0	0		0	
573	573	0	0		0	
574	574	0	0		0	
575	575	0	0		0	
576	576	0	0		0	
577	577	0	0		0	
578	578	0	0		0	
579	579	0	0		0	
580	580	0	0		0	
581	581	0	0		0	
582	582	0	0		0	
583	583	0	0		0	
584	584	0	0		0	
585	585	0	0		0	
586	586	0	0		0	
587	587	0	0		0	
588	588	0	0		0	
589	589	0	0		0	
590	590	0	0		0	
591	591	0	0		0	
592	592	0	0		0	
593	593	0	0		0	
594	594	0	0		0	
595	595	0	0		0	
596	596	0	0		0	
597	597	0	0		0	
598	598	0	0		0	
599	599	0	0		0	
600	600	0	0		0	
601	601	0	0		0	
602	602	0	0		0	
603	603	0	0		0	
604	604	0	0		0	
605	605	0	0		0	
606	606	0	0		0	
607	607	0	0		0	
608	608	0	0		0	
609	609	0	0		0	
610	610	0	0		0	
611	611	0	0		0	
612	612	0	0		0	
613	613	0	0		0	
614	614	0	0		0	
615	615	0	0		0	
616	616	0	0		0	
617	617	0	0		0	
618	618	0	0		0	
619	619	0	0		0	
620	620	0	0		0	
621	621	0	0		0	
622	622	0	0		0	
623	623	0	0		0	
624	624	0	0		0	
625	625	0	0		0	
626	626	0	0		0	
627	627	0	0		0	
628	628	0	0		0	
629	629	0	0		0	
630	630	0	0		0	
631	631	0	0		0	
632	632	0	0		0	
633	633	0	0		0	
634	634	0	0		0	
635	635	0	0		0	
636	636	0	0		0	
637	637	0	0		0	
638	638	0	0		0	
639	639	0	0		0	
640	640	0	0		0	
641	641	0	0		0	
642	642	0	0		0	
643	643	0	0		0	
644	644	0	0		0	
645	645	0	0		0	
646	646	0	0		0	
647	647	0	0		0	
648	648	0	0		0	
649	649	0	0		0	
650	650	0	0		0	
651	651	0	0		0	
652	652	0	0		0	
653	653	0	0		0	
654	654	0	0		0	
655	655	0	0		0	
656	656	0	0		0	
657	657	0	0		0	
658	658	0	0		0	
659	659	0	0		0	
660	660	0	0		0	
661	661	0	0		0	
662	662	0	0		0	
663	663	0	0		0	
664	664	0	0		0	
665	665	0	0		0	
666	666	0	0		0	
667	667	0	0		0	
668	668	0	0		0	
669	669	0	0		0	
670	670	0	0		0	
671	671	0	0		0	
672	672	0	0		0	
673	673	0	0		0	
674	674	0	0		0	
675	675	0	0		0	
676	676	0	0		0	
677	677	0	0		0	
678	678	0	0		0	
679	679	0	0		0	
680	680	0	0		0	
681	681	0	0		0	
682	682	0	0		0	
683	683	0	0		0	
684	684	0	0		0	
685	685	0	0		0	
686	686	0	0		0	
687	687	0	0		0	
688	688	0	0		0	
689	689	0	0		0	
690	690	0	0		0	
691	691	0	0		0	
692	692	0	0		0	
693	693	0	0		0	
694	694	0	0		0	
695	695	0	0		0	
696	696	0	0		0	
697	697	0	0		0	
698	698	0	0		0	
699	699	0	0		0	
700	700	0	0		0	
701	701	0	0		0	
702	702	0	0		0	
703	703	0	0		0	
704	704	0	0		0	
705	705	0	0		0	
706	706	0	0		0	
707	707	0	0		0	
708	708	0	0		0	
709	709	0	0		0	
710	710	0	0		0	
711	711	0	0		0	
712	712	0	0		0	
713	713	0	0		0	
714	714	0	0		0	
715	715	0	0		0	
716	716	0	0		0	
717	717	0	0		0	
718	718	0	0		0	
719	719	0	0		0	
720	720	0	0		0	
721	721	0	0		0	
722	722	0	0		0	
723	723	0	0		0	
724	724	0	0		0	
725	725	0	0		0	
726	726	0	0		0	
727	727	0	0	0.29622857142857	0	0.29622857142857
728	728	0	0	0.322971428571428	0	0.322971428571428
729	729	0	0	1.81382142857143	0	1.81382142857143
730	730	0	0	7.78525714285715	0	7.78525714285715
731	731	0	0	22.8608571428572	0	22.8608571428572
732	732	0	0	16.0518	0	16.0518
733	733	0	0	10.3626	0	10.3626
734	734	0	0	9.2667	0	9.2667
735	735	0	0	8.013	0	8.013
736	736	0	0	4.04871428571429	0	4.04871428571429
737	737	0	0	9.07207142857145	0	9.07207142857145
738	738	0	0	22.3606857142858	0	22.3606857142858
739	739	0	0	18.7731857142857	0	18.7731857142857
740	740	0	0	33.4704428571429	0	33.4704428571429
741	741	0	0	34.4023642857142	0	34.4023642857142
742	742	0	0	25.7594571428572	0	25.7594571428572
743	743	0	0	30.3355285714285	0	30.3355285714285
744	744	0	0	28.344	0	28.344
745	745	0	0	23.2835499999999	0	23.2835499999999
746	746	0	0	17.3222857142857	0	17.3222857142857
747	747	0	0	7.0564	0	7.0564
748	748	0	0	4.73213571428572	0	4.73213571428572
749	749	0	0.2	2.96845714285715	-0.0042633476256906	2.97272049048284
750	750	0	0.4	2.88822857142856	-0.0345862596887655	2.92281483111733
751	751	0	0	2.808	-0.150429217830782	2.95842921783078
752	752	0	0.2	2.92834285714285	-0.303531336764409	3.23187419390726
753	753	0	2.4	3.20914285714285	-0.37498811980285	3.5841309769457
754	754	0	0	2.96845714285715	-0.636386107829789	3.60484325068694
755	755	0	0.2	2.88822857142856	-1.3674636719597	4.25569224338826
756	756	0	0.2	2.88822857142856	-1.35456940818718	4.24279797961574
757	757	0	0	3.00857142857144	-1.27445851305649	4.28302994162793
758	758	0	1.4	3.04868571428571	-0.715790007373478	3.76447572165919
759	759	0	0.2	2.76788571428571	-0.381800871317867	3.14968658560357
760	760	0	0	3.61028571428571	-0.847118671350847	4.45740438563655
761	761	0	0	3.12891428571429	-0.857260490360441	3.98617477607473
762	762	0	0.2	2.88822857142856	-0.754220488678936	3.6424490601075
763	763	0	15	7.45327142857143	-0.72119345749102	8.17446488606245
764	764	0	4.4	7.75382142857142	-2.18698679234261	9.94080822091403
765	765	0	8.6	25.2153714285714	-8.23253884845482	33.4479102770263
766	766	0	0.2	21.8701	-11.0787051788713	32.9488051788712
767	767	0	0	4.61999999999999	-13.4875180646353	18.1075180646352
768	768	0	1.6	1.82944285714286	-9.61185271491114	11.441295572054
769	769	0	2.6	3.08703571428571	-5.23202248820957	8.31905820249528
770	770	0	0	1.61614285714285	-2.95560389189376	4.57174674903661
771	771	0	0.8	24.9846857142858	-2.15668275956205	27.1413684738479
772	772	0	12	130.605635714286	-2.43424275246832	133.039878466754
773	773	0	0.2	10.6583214285714	-3.48654925048274	14.1448706790542
774	774	0	0	1.60008311688312	-6.86066054333345	8.46074366021657
775	775	0	0		-6.62706980817275	
776	776	0	0		-5.81267638672459	
777	777	0	0		-2.51741613045848	
778	778	0	0		-0.0404157228175782	
779	779	0	0		0	
780	780	0	0		0	
781	781	0	0		0	
782	782	0	0		0	
783	783	0	0.2		-0.0042633476256906	
784	784	0	0.4		-0.0345862596887655	
785	785	0	0.6		-0.163219260707853	
786	786	0	0.2		-0.381710030076562	
787	787	0	0		-0.618758215162602	
788	788	0	0		-0.631614768261256	
789	789	0	0		-0.460897541073229	
790	790	0	1.2		-0.239300015610671	
791	791	0	0		-0.196773109441884	
792	792	0	0		-0.589860533736078	
793	793	0	0.6		-0.628676910237228	
794	794	0	0		-0.633015261734912	
795	795	0	0.2		-0.541687951399199	
796	796	0	0		-0.334002998117463	
797	797	0	0		-0.375728373167392	
798	798	0	0		-0.223894979679427	
799	799	0	0		-0.0924727614037931	
800	800	0	0		-0.0404157228175782	
801	801	0	0		0	
802	802	0	0		0	
803	803	0	0.2		-0.0042633476256906	
804	804	0	0		-0.0260595644373843	
805	805	0	0		-0.098310088956013	
806	806	0	3.2		-0.170861373237742	
807	807	0	0.2		-0.513689140027633	
808	808	0	0.6		-1.65222675342824	
809	809	0	0.2		-1.82311710952094	
810	810	0	0		-1.90320182499281	
811	811	0	1		-1.16669458724959	
812	812	0	1		-0.572096378571025	
813	813	0	0		-0.835568196823514	
814	814	0	0		-1.04520522373111	
815	815	0	0		-0.97560286315243	
816	816	0	0		-0.664442421106857	
817	817	0	0		-0.202078614087891	
818	818	0	0		0	
819	819	0	0		0	
820	820	0	0		0	
821	821	0	0		0	
822	822	0	1.4		-0.0298434333798342	
823	823	0	0		-0.18241695106169	
824	824	0	0		-0.688170622692091	
825	825	0	0		-0.71853467858685	
826	826	0	0		-0.647309329826552	
827	827	0	0		-0.282910059723047	
828	828	0	0		0	
829	829	0	0		0	
830	830	0	0		0	
831	831	0	0		0	
832	832	0	0		0	
833	833	0	0		0	
834	834	0	0		0	
835	835	0	0		0	
836	836	0	0		0	
837	837	0	0		0	
838	838	0	0		0	
839	839	0	0		0	
840	840	0	0		0	
841	841	0	0		0	
842	842	0	0		0	
843	843	0	0		0	
844	844	0	0		0	
845	845	0	0		0	
846	846	0	0		0	
847	847	0	0		0	
848	848	0	0		0	
849	849	0	0		0	
850	850	0	0		0	
851	851	0	0		0	
852	852	0	0		0	
853	853	0	0		0	
854	854	0	0		0	
855	855	0	0		0	
856	856	0	0		0	
857	857	0	0		0	
858	858	0	0		0	
859	859	0	0		0	
860	860	0	0		0	
861	861	0	0		0	
862	862	0	0		0	
863	863	0	0		0	
864	864	0	0		0	
865	865	0	0		0	
866	866	0	0		0	
867	867	0	0		0	
868	868	0	0		0	
869	869	0	0		0	
870	870	0	0		0	
871	871	0	0		0	
872	872	0	0		0	
873	873	0	0		0	
874	874	0	0		0	
875	875	0	0		0	
876	876	0	0		0	
877	877	0	0		0	
878	878	0	0		0	
879	879	0	0		0	
880	880	0	0		0	
881	881	0	0		0	
882	882	0	0		0	
883	883	0	0		0	
884	884	0	0		0	
885	885	0	0		0	
886	886	0	0		0	
887	887	0	0		0	
888	888	0	0		0	
889	889	0	0		0	
890	890	0	0		0	
891	891	0	0		0	
892	892	0	0		0	
893	893	0	0		0	
894	894	0	0		0	
895	895	0	0		0	
896	896	0	0		0	
897	897	0	0		0	
898	898	0	0		0	
899	899	0	0		0	
900	900	0	0		0	
901	901	0	0		0	
902	902	0	0		0	
903	903	0	0		0	
904	904	0	0		0	
905	905	0	0		0	
906	906	0	0		0	
907	907	0	0		0	
908	908	0	0		0	
909	909	0	0		0	
910	910	0	0		0	
911	911	0	0		0	
912	912	0	0		0	
913	913	0	0		0	
914	914	0	0		0	
915	915	0	0		0	
916	916	0	0		0	
917	917	0	0		0	
918	918	0	0		0	
919	919	0	0		0	
920	920	0	0		0	
921	921	0	0		0	
922	922	0	0		0	
923	923	0	0		0	
924	924	0	0		0	
925	925	0	0		0	
926	926	0	0		0	
927	927	0	0		0	
928	928	0	0		0	
929	929	0	0		0	
930	930	0	0		0	
931	931	0	0		0	
932	932	0	0		0	
933	933	0	0		0	
934	934	0	0		0	
935	935	0	0		0	
936	936	0	0		0	
937	937	0	0		0	
938	938	0	0		0	
939	939	0	0		0	
940	940	0	0		0	
941	941	0	0		0	
942	942	0	0		0	
943	943	0	0		0	
944	944	0	0		0	
945	945	0	0		0	
946	946	0	0		0	
947	947	0	0		0	
948	948	0	0		0	
949	949	0	0		0	
950	950	0	0		0	
951	951	0	0		0	
952	952	0	0		0	
953	953	0	0		0	
954	954	0	0		0	
955	955	0	0		0	
956	956	0	0		0	
957	957	0	0		0	
958	958	0	0		0	
959	959	0	0		0	
960	960	0	0		0	
961	961	0	0		0	
962	962	0	0		0	
963	963	0	0		0	
964	964	0	0		0	
965	965	0	0		0	
966	966	0	0		0	
967	967	0	0		0	
968	968	0	0		0	
969	969	0	0		0	
970	970	0	0		0	
971	971	0	0		0	
972	972	0	0		0	
973	973	0	0		0	
974	974	0	0		0	
975	975	0	0		0	
976	976	0	0		0	
977	977	0	0		0	
978	978	0	0		0	
979	979	0	0		0	
980	980	0	0		0	
981	981	0	0		0	
982	982	0	0		0	
983	983	0	0		0	
984	984	0	0		0	
985	985	0	0		0	
986	986	0	0		0	
987	987	0	0		0	
988	988	0	0		0	
989	989	0	0		0	
990	990	0	0		0	
991	991	0	0		0	
992	992	0	0		0	
993	993	0	0		0	
994	994	0	0		0	
995	995	0	0		0	
996	996	0	0		0	
997	997	0	0		0	
998	998	0	0		0	
999	999	0	0		0	
1000	1000	0	0		0	
1001	1001	0	0		0	
1002	1002	0	0		0	
1003	1003	0	0		0	
1004	1004	0	0		0	
1005	1005	0	0		0	
1006	1006	0	0		0	
1007	1007	0	0		0	
1008	1008	0	0		0	
1009	1009	0	0		0	
1010	1010	0	0		0	
1011	1011	0	0		0	
1012	1012	0	0		0	
1013	1013	0	0		0	
1014	1014	0	0		0	
1015	1015	0	0		0	
1016	1016	0	0		0	
1017	1017	0	0		0	
1018	1018	0	0		0	
1019	1019	0	0		0	
1020	1020	0	0		0	
1021	1021	0	0		0	
1022	1022	0	0		0	
1023	1023	0	0		0	
1024	1024	0	0		0	
1025	1025	0	0		0	
1026	1026	0	0		0	
1027	1027	0	0		0	
1028	1028	0	0		0	
1029	1029	0	0		0	
1030	1030	0	0		0	
1031	1031	0	0		0	
1032	1032	0	0		0	
1033	1033	0	0		0	
1034	1034	0	0		0	
1035	1035	0	0		0	
1036	1036	0	0		0	
1037	1037	0	0		0	
1038	1038	0	0		0	
1039	1039	0	0		0	
1040	1040	0	0		0	
1041	1041	0	0		0	
1042	1042	0	0		0	
1043	1043	0	0		0	
1044	1044	0	0		0	
1045	1045	0	0		0	
1046	1046	0	0		0	
1047	1047	0	0		0	
1048	1048	0	0		0	
1049	1049	0	0		0	
1050	1050	0	0		0	
1051	1051	0	0		0	
1052	1052	0	0		0	
1053	1053	0	0		0	
1054	1054	0	0		0	
1055	1055	0	0		0	
1056	1056	0	0		0	
1057	1057	0	0		0	
1058	1058	0	0		0	
1059	1059	0	0		0	
1060	1060	0	0		0	
1061	1061	0	0		0	
1062	1062	0	0		0	
1063	1063	0	0		0	
1064	1064	0	0		0	
1065	1065	0	0		0	
1066	1066	0	0		0	
1067	1067	0	0		0	
1068	1068	0	0		0	
1069	1069	0	0		0	
1070	1070	0	0		0	
1071	1071	0	0		0	
1072	1072	0	0		0	
1073	1073	0	0		0	
1074	1074	0	0		0	
1075	1075	0	0		0	
1076	1076	0	0		0	
1077	1077	0	0		0	
1078	1078	0	0		0	
1079	1079	0	0		0	
1080	1080	0	0		0	
1081	1081	0	0		0	
1082	1082	0	0		0	
1083	1083	0	0		0	
1084	1084	0	0		0	
1085	1085	0	0		0	
1086	1086	0	0		0	
1087	1087	0	0		0	
1088	1088	0	0		0	
1089	1089	0	0		0	
1090	1090	0	0		0	
1091	1091	0	0		0	
1092	1092	0	0	11.1555495053423	0	11.1555495053423
1093	1093	0	0	177.885085714286	0	177.885085714286
1094	1094	0	0	78.2574000000001	0	78.2574000000001
1095	1095	0	4.2	29.2835571428571	-0.0895303001395025	29.3730874429966
1096	1096	0	0.6	177.618728571428	-0.560040896062143	178.17876946749
1097	1097	0	0	240.066964285714	-2.14269056138843	242.209654847103
1098	1098	0	0	235.752228571429	-2.45053430262859	238.202762874057
1099	1099	0	0	95.1678214285716	-2.24987142315973	97.4176928517313
1100	1100	0	0	81.8881000000002	-1.12614846338052	83.0142484633807
1101	1101	0	0	56.8210714285714	-0.121247168452735	56.9423185970241
1102	1102	0	0	85.7452499999999	0	85.7452499999999
1103	1103	0	0	45.6868285714286	0	45.6868285714286
1104	1104	0	0	30.3657142857142	0	30.3657142857142
1105	1105	0	0	28.7567142857143	0	28.7567142857143
1106	1106	0	0	16.9227500000001	0	16.9227500000001
1107	1107	0	0	7.0060714285714	0	7.0060714285714
1108	1108	0	0	2.6997	0	2.6997
1109	1109	0	0	1.2465	0	1.2465
1110	1110	0	0	1.00388571428572	0	1.00388571428572
1111	1111	0	0	0.61602077922078	0	0.61602077922078
1112	1112	0	0		0	
1113	1113	0	0		0	
1114	1114	0	0		0	
1115	1115	0	0		0	
1116	1116	0	0		0	
1117	1117	0	0		0	
1118	1118	0	0.4		-0.0085266952513812	
1119	1119	0	1.6		-0.0862259098802934	
1120	1120	0	0.2		-0.409360041036791	
1121	1121	0	0		-1.01783589853887	
1122	1122	0	0		-1.10443810157714	
1123	1123	0	2.8		-0.982948214851863	
1124	1124	0	0.8		-0.797685836570561	
1125	1125	0	1.6		-1.55510200695682	
1126	1126	0	0.2		-2.04304957612252	
1127	1127	0	0		-2.51775018064536	
1128	1128	0	0		-1.85520374383082	
1129	1129	0	0		-1.00409279372735	
1130	1130	0	0		-0.415798543944419	
1131	1131	0	2.2		-0.0873125467001747	
1132	1132	0	0.2		-0.290918556436918	
1133	1133	0	0		-1.10747054295353	
1134	1134	0	0		-1.22743601244963	
1135	1135	0	0		-1.11984818666842	
1136	1136	0	0		-0.537045712397153	
1137	1137	0	0		-0.0404157228175782	
1138	1138	0	0		0	
1139	1139	0	0.6		-0.0127900428770718	
1140	1140	0	0		-0.078178693312153	
1141	1141	0	0.4		-0.30345696211942	
1142	1142	0	0		-0.360062562554847	
1143	1143	0	0.2		-0.478301809749096	
1144	1144	0	8.8		-0.540189650873891	
1145	1145	0	0		-1.42987644700851	
1146	1146	0	0		-4.50912317092642	
1147	1147	0	0.2		-4.61323980300397	
1148	1148	0	0		-4.13527678902186	
1149	1149	0	0		-1.87660189292945	
1150	1150	0	0		-0.102647811226693	
1151	1151	0	0		-0.0924727614037931	
1152	1152	0	0.4		-0.0489424180689594	
1153	1153	0	0		-0.0521191288747686	
1154	1154	0	0		-0.196620177912026	
1155	1155	0	0		-0.205295622453386	
1156	1156	0	0		-0.184945522807586	
1157	1157	0	0		-0.0808314456351563	
1158	1158	0	0		0	
1159	1159	0	0		0	
1160	1160	0	0		0	
1161	1161	0	0		0	
1162	1162	0	0		0	
1163	1163	0	3.6		-0.0767402572624308	
1164	1164	0	0.6		-0.48186220274999	
1165	1165	0	0		-1.84776029452039	
1166	1166	0	0		-2.14259086894851	
1167	1167	0	0.2		-1.97671648657405	
1168	1168	0	0		-1.03096085936517	
1169	1169	0	0		-0.219557257408748	
1170	1170	0	0		-0.102647811226693	
1171	1171	0	0		-0.0924727614037931	
1172	1172	0	2.4		-0.0915758943258653	
1173	1173	0	0.2		-0.316978120874302	
1174	1174	0	0		-1.20578063190954	
1175	1175	0	0.2		-1.33434717130202	
1176	1176	0	0		-1.23838051250959	
1177	1177	0	0		-0.675771524170744	
1178	1178	0	0		-0.143063534044271	
1179	1179	0	0		-0.0924727614037931	
1180	1180	0	0		-0.0404157228175782	
1181	1181	0	0		0	
1182	1182	0	0		0	
1183	1183	0	0		0	
1184	1184	0	0		0	
1185	1185	0	0		0	
1186	1186	0	0		0	
1187	1187	0	0		0	
1188	1188	0	0		0	
1189	1189	0	0		0	
1190	1190	0	0		0	
1191	1191	0	0		0	
1192	1192	0	0		0	
1193	1193	0	0		0	
1194	1194	0	0		0	
1195	1195	0	0		0	
1196	1196	0	0		0	
1197	1197	0	0		0	
1198	1198	0	0		0	
1199	1199	0	0		0	
1200	1200	0	0		0	
1201	1201	0	0		0	
1202	1202	0	0		0	
1203	1203	0	0		0	
1204	1204	0	0		0	
1205	1205	0	0		0	
1206	1206	0	0		0	
1207	1207	0	0		0	
1208	1208	0	0		0	
1209	1209	0	0		0	
1210	1210	0	0		0	
1211	1211	0	0		0	
1212	1212	0	0		0	
1213	1213	0	0		0	
1214	1214	0	0		0	
1215	1215	0	0		0	
1216	1216	0	0		0	
1217	1217	0	0		0	
1218	1218	0	0		0	
1219	1219	0	0		0	
1220	1220	0	0		0	
1221	1221	0	0		0	
1222	1222	0	0		0	
1223	1223	0	0		0	
1224	1224	0	0		0	
1225	1225	0	0		0	
1226	1226	0	0		0	
1227	1227	0	0		0	
1228	1228	0	0		0	
1229	1229	0	0		0	
1230	1230	0	0		0	
1231	1231	0	0		0	
1232	1232	0	0		0	
1233	1233	0	0		0	
1234	1234	0	0		0	
1235	1235	0	0		0	
1236	1236	0	0		0	
1237	1237	0	0		0	
1238	1238	0	0		0	
1239	1239	0	0		0	
1240	1240	0	0		0	
1241	1241	0	0		0	
1242	1242	0	0		0	
1243	1243	0	0		0	
1244	1244	0	0		0	
1245	1245	0	0		0	
1246	1246	0	0		0	
1247	1247	0	0		0	
1248	1248	0	0		0	
1249	1249	0	0		0	
1250	1250	0	0		0	
1251	1251	0	0		0	
1252	1252	0	0		0	
1253	1253	0	0		0	
1254	1254	0	0		0	
1255	1255	0	0		0	
1256	1256	0	0		0	
1257	1257	0	0		0	
1258	1258	0	0		0	
1259	1259	0	0		0	
1260	1260	0	0		0	
1261	1261	0	0		0	
1262	1262	0	0		0	
1263	1263	0	0		0	
1264	1264	0	0		0	
1265	1265	0	0		0	
1266	1266	0	0		0	
1267	1267	0	0		0	
1268	1268	0	0		0	
1269	1269	0	0		0	
1270	1270	0	0		0	
1271	1271	0	0		0	
1272	1272	0	0		0	
1273	1273	0	0		0	
1274	1274	0	0		0	
1275	1275	0	0		0	
1276	1276	0	0		0	
1277	1277	0	0		0	
1278	1278	0	0		0	
1279	1279	0	0		0	
1280	1280	0	0		0	
1281	1281	0	0		0	
1282	1282	0	0		0	
1283	1283	0	0		0	
1284	1284	0	0		0	
1285	1285	0	0		0	
1286	1286	0	0		0	
1287	1287	0	0		0	
1288	1288	0	0		0	
1289	1289	0	0		0	
1290	1290	0	0		0	
1291	1291	0	0		0	
1292	1292	0	0		0	
1293	1293	0	0		0	
1294	1294	0	0		0	
1295	1295	0	0		0	
1296	1296	0	0		0	
1297	1297	0	0		0	
1298	1298	0	0		0	
1299	1299	0	0		0	
1300	1300	0	0		0	
1301	1301	0	0		0	
1302	1302	0	0		0	
1303	1303	0	0		0	
1304	1304	0	0		0	
1305	1305	0	0		0	
1306	1306	0	0		0	
1307	1307	0	0		0	
1308	1308	0	0		0	
1309	1309	0	0		0	
1310	1310	0	0		0	
1311	1311	0	0		0	
1312	1312	0	0		0	
1313	1313	0	0		0	
1314	1314	0	0		0	
1315	1315	0	0		0	
1316	1316	0	0		0	
1317	1317	0	0		0	
1318	1318	0	0		0	
1319	1319	0	0		0	
1320	1320	0	0		0	
1321	1321	0	0		0	
1322	1322	0	0		0	
1323	1323	0	0		0	
1324	1324	0	0		0	
1325	1325	0	0		0	
1326	1326	0	0		0	
1327	1327	0	0		0	
1328	1328	0	0		0	
1329	1329	0	0		0	
1330	1330	0	0		0	
1331	1331	0	0		0	
1332	1332	0	0		0	
1333	1333	0	0		0	
1334	1334	0	0		0	
1335	1335	0	0		0	
1336	1336	0	0		0	
1337	1337	0	0		0	
1338	1338	0	0		0	
1339	1339	0	0		0	
1340	1340	0	0		0	
1341	1341	0	0		0	
1342	1342	0	0		0	
1343	1343	0	0		0	
1344	1344	0	0		0	
1345	1345	0	0		0	
1346	1346	0	0		0	
1347	1347	0	0		0	
1348	1348	0	0		0	
1349	1349	0	0		0	
1350	1350	0	0		0	
1351	1351	0	0		0	
1352	1352	0	0		0	
1353	1353	0	0		0	
1354	1354	0	0		0	
1355	1355	0	0		0	
1356	1356	0	0		0	
1357	1357	0	0		0	
1358	1358	0	0		0	
1359	1359	0	0		0	
1360	1360	0	0		0	
1361	1361	0	0		0	
1362	1362	0	0		0	
1363	1363	0	0		0	
1364	1364	0	0		0	
1365	1365	0	0		0	
1366	1366	0	0		0	
1367	1367	0	0		0	
1368	1368	0	0		0	
1369	1369	0	0		0	
1370	1370	0	0		0	
1371	1371	0	0		0	
1372	1372	0	0		0	
1373	1373	0	0		0	
1374	1374	0	0		0	
1375	1375	0	0		0	
1376	1376	0	0		0	
1377	1377	0	0		0	
1378	1378	0	0		0	
1379	1379	0	0		0	
1380	1380	0	0		0	
1381	1381	0	0		0	
1382	1382	0	0		0	
1383	1383	0	0		0	
1384	1384	0	0		0	
1385	1385	0	0		0	
1386	1386	0	0		0	
1387	1387	0	0		0	
1388	1388	0	0		0	
1389	1389	0	0		0	
1390	1390	0	0		0	
1391	1391	0	0		0	
1392	1392	0	0		0	
1393	1393	0	0		0	
1394	1394	0	0		0	
1395	1395	0	0		0	
1396	1396	0	0		0	
1397	1397	0	0		0	
1398	1398	0	0		0	
1399	1399	0	0		0	
1400	1400	0	0		0	
1401	1401	0	0		0	
1402	1402	0	0		0	
1403	1403	0	0		0	
1404	1404	0	0		0	
1405	1405	0	0		0	
1406	1406	0	0		0	
1407	1407	0	0		0	
1408	1408	0	0		0	
1409	1409	0	0		0	
1410	1410	0	0		0	
1411	1411	0	0		0	
1412	1412	0	0		0	
1413	1413	0	0		0	
1414	1414	0	0		0	
1415	1415	0	0		0	
1416	1416	0	0		0	
1417	1417	0	0		0	
1418	1418	0	0		0	
1419	1419	0	0		0	
1420	1420	0	0		0	
1421	1421	0	0		0	
1422	1422	0	0		0	
1423	1423	0	0		0	
1424	1424	0	0		0	
1425	1425	0	0		0	
1426	1426	0	0		0	
1427	1427	0	0		0	
1428	1428	0	0		0	
1429	1429	0	0		0	
1430	1430	0	0		0	
1431	1431	0	0		0	
1432	1432	0	0		0	
1433	1433	0	0		0	
1434	1434	0	0		0	
1435	1435	0	0		0	
1436	1436	0	0		0	
1437	1437	0	0		0	
1438	1438	0	0		0	
1439	1439	0	0		0	
1440	1440	0	0		0	
1441	1441	0	0		0	
1442	1442	0	0		0	
1443	1443	0	0		0	
1444	1444	0	0		0	
1445	1445	0	0		0	
1446	1446	0	0		0	
1447	1447	0	0		0	
1448	1448	0	0		0	
1449	1449	0	0		0	
1450	1450	0	0		0	
1451	1451	0	0		0	
1452	1452	0	0		0	
1453	1453	0	0		0	
1454	1454	0	0		0	
1455	1455	0	0.2		-0.0042633476256906	
1456	1456	0	0.6		-0.0388496073144561	
1457	1457	0	0		-0.176488782268166	
1458	1458	0	0		-0.397578078094732	
1459	1459	0	1.8		-0.438786323715087	
1460	1460	0	0.2		-0.556633434591107	
1461	1461	0	0		-1.03209753349424	
1462	1462	0	0		-1.02214038999625	
1463	1463	0	0		-0.934902663860831	
1464	1464	0	0		-0.456214266761997	
1465	1465	0	0.6		-0.05320576569465	
1466	1466	0	0.2		-0.0824420409378435	
1467	1467	0	0		-0.320989831305423	
1468	1468	0	0		-0.406253522636091	
1469	1469	0	0		-0.380066095438072	
1470	1470	0	0		-0.213719929856528	
1471	1471	0	0		-0.0404157228175782	
1472	1472	0	0.2		-0.0042633476256906	
1473	1473	0	5.2		-0.13690660270534	
1474	1474	0	0		-0.775858764328005	
1475	1475	0	1.8		-2.69708025271425	
1476	1476	0	9		-3.18770257639034	
1477	1477	0	0		-4.50217871960261	
1478	1478	0	0		-6.39859309731785	
1479	1479	0	0		-5.45140635783531	
1480	1480	0	0		-4.5250157685289	
1481	1481	0	0		-1.81870752679102	
1482	1482	0	0		0	
1483	1483	0	0		0	
1484	1484	0	0		0	
1485	1485	0	0		0	
1486	1486	0	0		0	
1487	1487	0	0		0	
1488	1488	0	0		0	
1489	1489	0	0		0	
1490	1490	0	0		0	
1491	1491	0	0		0	
1492	1492	0	0		0	
1493	1493	0	0		0	
1494	1494	0	0		0	
1495	1495	0	0		0	
1496	1496	0	0.8		-0.0170533905027624	
1497	1497	0	0		-0.104238257749537	
1498	1498	0	0		-0.393240355824052	
1499	1499	0	0		-0.410591244906771	
1500	1500	0	0		-0.369891045615173	
1501	1501	0	0		-0.161662891270313	
1502	1502	0	0		0	
1503	1503	0	0		0	
1504	1504	0	0		0	
1505	1505	0	0		0	
1506	1506	0	0		0	
1507	1507	0	0		0	
1508	1508	0	0		0	
1509	1509	0	0.6		-0.0127900428770718	
1510	1510	0	0.8		-0.0952320838149153	
1511	1511	0	0		-0.399168524617576	
1512	1512	0	0		-0.70118378950413	
1513	1513	0	2.4		-0.739169700626438	
1514	1514	0	0		-0.803852987316519	
1515	1515	0	0		-1.34138395874247	
1516	1516	0	0		-1.23177373472031	
1517	1517	0	0		-1.10967313684552	
1518	1518	0	0		-0.484988673810938	
1519	1519	0	0		0	
1520	1520	0	0		0	
1521	1521	0	0		0	
1522	1522	0	0		0	
1523	1523	0	0		0	
1524	1524	0	0		0	
1525	1525	0	4.8		-0.102320343016574	
1526	1526	0	0.2		-0.629692894122914	
1527	1527	0	0		-2.3855016993817	
1528	1528	0	0		-2.56185755839664	
1529	1529	0	3.2		-2.39020764692878	
1530	1530	0	0.2		-1.48366648764951	
1531	1531	0	0		-1.63943671055117	
1532	1532	0	0		-1.7406750685831	
1533	1533	0	0		-1.58221199368738	
1534	1534	0	0		-0.739124326485044	
1535	1535	0	0		-0.0404157228175782	
1536	1536	0	0		0	
1537	1537	0	0		0	
1538	1538	0	0		0	
1539	1539	0	0.2		-0.0042633476256906	
1540	1540	0	0		-0.0260595644373843	
1541	1541	0	0.2		-0.102573436581704	
1542	1542	0	0		-0.128707375664077	
1543	1543	0	0		-0.190782850359806	
1544	1544	0	0		-0.143063534044271	
1545	1545	0	0		-0.0924727614037931	
1546	1546	0	0		-0.0404157228175782	
1547	1547	0	6.4		-0.136427124022099	
1548	1548	0	0		-0.833906061996298	
1549	1549	0	0		-3.14592284659242	
1550	1550	0	0		-3.28472995925417	
1551	1551	0	7		-3.10834553182055	
1552	1552	0	0		-2.20538788547095	
1553	1553	0	0		-3.44085311346046	
1554	1554	0	0		-3.59267339293425	
1555	1555	0	0		-3.23654664913276	
1556	1556	0	0		-1.41455029861524	
1557	1557	0	0		0	
1558	1558	0	0		0	
1559	1559	0	0		0	
1560	1560	0	0		0	
1561	1561	0	0		0	
1562	1562	0	0		0	
1563	1563	0	0		0	
1564	1564	0	0		0	
1565	1565	0	0		0	
1566	1566	0	0		0	
1567	1567	0	0		0	
1568	1568	0	0		0	
1569	1569	0	0		0	
1570	1570	0	0		0	
1571	1571	0	0		0	
1572	1572	0	0		0	
1573	1573	0	0		0	
1574	1574	0	0		0	
1575	1575	0	0		0	
1576	1576	0	0		0	
1577	1577	0	0		0	
1578	1578	0	0		0	
1579	1579	0	0		0	
1580	1580	0	0		0	
1581	1581	0	0		0	
1582	1582	0	0		0	
1583	1583	0	0		0	
1584	1584	0	0		0	
1585	1585	0	0		0	
1586	1586	0	0		0	
1587	1587	0	0		0	
1588	1588	0	0		0	
1589	1589	0	0		0	
1590	1590	0	0		0	
1591	1591	0	0		0	
1592	1592	0	0		0	
1593	1593	0	0		0	
1594	1594	0	0		0	
1595	1595	0	0		0	
1596	1596	0	0		0	
1597	1597	0	0		0	
1598	1598	0	0		0	
1599	1599	0	0		0	
1600	1600	0	0		0	
1601	1601	0	0		0	
1602	1602	0	0		0	
1603	1603	0	0		0	
1604	1604	0	0		0	
1605	1605	0	0		0	
1606	1606	0	0		0	
1607	1607	0	0		0	
1608	1608	0	0		0	
1609	1609	0	0		0	
1610	1610	0	0		0	
1611	1611	0	0		0	
1612	1612	0	0		0	
1613	1613	0	0		0	
1614	1614	0	0		0	
1615	1615	0	0		0	
1616	1616	0	0		0	
1617	1617	0	0		0	
1618	1618	0	0		0	
1619	1619	0	0		0	
1620	1620	0	0		0	
1621	1621	0	0		0	
1622	1622	0	0		0	
1623	1623	0	0		0	
1624	1624	0	0		0	
1625	1625	0	0		0	
1626	1626	0	0		0	
1627	1627	0	0		0	
1628	1628	0	0		0	
1629	1629	0	0		0	
1630	1630	0	0		0	
1631	1631	0	0		0	
1632	1632	0	0		0	
1633	1633	0	0		0	
1634	1634	0	0		0	
1635	1635	0	0		0	
1636	1636	0	0		0	
1637	1637	0	0		0	
1638	1638	0	0		0	
1639	1639	0	0		0	
1640	1640	0	0		0	
1641	1641	0	0		0	
1642	1642	0	0		0	
1643	1643	0	0		0	
1644	1644	0	0		0	
1645	1645	0	0		0	
1646	1646	0	0		0	
1647	1647	0	0		0	
1648	1648	0	0		0	
1649	1649	0	0		0	
1650	1650	0	0		0	
1651	1651	0	0		0	
1652	1652	0	0		0	
1653	1653	0	0		0	
1654	1654	0	0		0	
1655	1655	0	0		0	
1656	1656	0	0		0	
1657	1657	0	0		0	
1658	1658	0	0		0	
1659	1659	0	0		0	
1660	1660	0	0		0	
1661	1661	0	0		0	
1662	1662	0	0		0	
1663	1663	0	0		0	
1664	1664	0	0		0	
1665	1665	0	0		0	
1666	1666	0	0		0	
1667	1667	0	0		0	
1668	1668	0	0		0	
1669	1669	0	0		0	
1670	1670	0	0		0	
1671	1671	0	0		0	
1672	1672	0	0		0	
1673	1673	0	0		0	
1674	1674	0	0		0	
1675	1675	0	0		0	
1676	1676	0	0		0	
1677	1677	0	0		0	
1678	1678	0	0		0	
1679	1679	0	0		0	
1680	1680	0	0		0	
1681	1681	0	0		0	
1682	1682	0	0		0	
1683	1683	0	0		0	
1684	1684	0	0		0	
1685	1685	0	0		0	
1686	1686	0	0		0	
1687	1687	0	0		0	
1688	1688	0	0		0	
1689	1689	0	0		0	
1690	1690	0	0		0	
1691	1691	0	0		0	
1692	1692	0	0		0	
1693	1693	0	0		0	
1694	1694	0	0		0	
1695	1695	0	0		0	
1696	1696	0	0		0	
1697	1697	0	0		0	
1698	1698	0	0		0	
1699	1699	0	0		0	
1700	1700	0	0		0	
1701	1701	0	0		0	
1702	1702	0	0		0	
1703	1703	0	0		0	
1704	1704	0	0		0	
1705	1705	0	0		0	
1706	1706	0	0		0	
1707	1707	0	0		0	
1708	1708	0	0		0	
1709	1709	0	0		0	
1710	1710	0	0		0	
1711	1711	0	0		0	
1712	1712	0	0		0	
1713	1713	0	0		0	
1714	1714	0	0		0	
1715	1715	0	0		0	
1716	1716	0	0		0	
1717	1717	0	0		0	
1718	1718	0	0		0	
1719	1719	0	0		0	
1720	1720	0	0		0	
1721	1721	0	0		0	
1722	1722	0	0		0	
1723	1723	0	0		0	
1724	1724	0	0		0	
1725	1725	0	0		0	
1726	1726	0	0		0	
1727	1727	0	0		0	
1728	1728	0	0		0	
1729	1729	0	0		0	
1730	1730	0	0		0	
1731	1731	0	0		0	
1732	1732	0	0		0	
1733	1733	0	0		0	
1734	1734	0	0		0	
1735	1735	0	0		0	
1736	1736	0	0		0	
1737	1737	0	0		0	
1738	1738	0	0		0	
1739	1739	0	0		0	
1740	1740	0	0		0	
1741	1741	0	0		0	
1742	1742	0	0		0	
1743	1743	0	0		0	
1744	1744	0	0		0	
1745	1745	0	0		0	
1746	1746	0	0		0	
1747	1747	0	0		0	
1748	1748	0	0		0	
1749	1749	0	0		0	
1750	1750	0	0		0	
1751	1751	0	0		0	
1752	1752	0	0		0	
1753	1753	0	0		0	
1754	1754	0	0		0	
1755	1755	0	0		0	
1756	1756	0	0		0	
1757	1757	0	0		0	
1758	1758	0	0		0	
1759	1759	0	0		0	
1760	1760	0	0		0	
1761	1761	0	0		0	
1762	1762	0	0		0	
1763	1763	0	0		0	
1764	1764	0	0		0	
1765	1765	0	0		0	
1766	1766	0	0		0	
1767	1767	0	0		0	
1768	1768	0	0		0	
1769	1769	0	0		0	
1770	1770	0	0		0	
1771	1771	0	0		0	
1772	1772	0	0		0	
1773	1773	0	0		0	
1774	1774	0	0		0	
1775	1775	0	0		0	
1776	1776	0	0		0	
1777	1777	0	0		0	
1778	1778	0	0		0	
1779	1779	0	0		0	
1780	1780	0	0		0	
1781	1781	0	0		0	
1782	1782	0	0		0	
1783	1783	0	0		0	
1784	1784	0	0		0	
1785	1785	0	0		0	
1786	1786	0	0		0	
1787	1787	0	0		0	
1788	1788	0	0		0	
1789	1789	0	0		0	
1790	1790	0	0		0	
1791	1791	0	0		0	
1792	1792	0	0		0	
1793	1793	0	0		0	
1794	1794	0	0		0	
1795	1795	0	0		0	
1796	1796	0	0		0	
1797	1797	0	0		0	
1798	1798	0	0		0	
1799	1799	0	0		0	
1800	1800	0	0		0	
1801	1801	0	0		0	
1802	1802	0	0		0	
1803	1803	0	0		0	
1804	1804	0	0		0	
1805	1805	0	0		0	
1806	1806	0	0		0	
1807	1807	0	0		0	
1808	1808	0	0		0	
1809	1809	0	0		0	
1810	1810	0	0		0	
1811	1811	0	0		0	
1812	1812	0	0		0	
1813	1813	0	0		0	
1814	1814	0	0		0	
1815	1815	0	3.4		-0.0724769096367402	
1816	1816	0	0		-0.443012595435533	
1817	1817	0	0	0.17723076923077	-1.67127151225222	1.84850228148299
1818	1818	1	0	0.0386571428571429	-1.74501279085378	1.78366993371092
1819	1819	1	0	4.88735	-1.57203694386448	6.45938694386449
1820	1820	1	0	21.7795000000001	-0.687067287898829	22.4665672878989
1821	1821	1	0	6.12352142857142	0	6.12352142857142
1822	1822	1	0	7.43725714285714	0	7.43725714285714
1823	1823	1	0	10.5916357142857	0	10.5916357142857
1824	1824	1	0	11.4718	0	11.4718
1825	1825	1	0	24.5556	0	24.5556
1826	1826	1	0	13.12575	0	13.12575
1827	1827	1	0	7.33337142857142	0	7.33337142857142
1828	1828	1	0	9.48424285714284	0	9.48424285714284
1829	1829	1	0	5.7464	0	5.7464
1830	1830	1	0	5.07292857142856	0	5.07292857142856
1831	1831	1	0	4.34299285714286	0	4.34299285714286
1832	1832	1	0	1.93528571428572	0	1.93528571428572
1833	1833	1	0	2.83510714285714	0	2.83510714285714
1834	1834	1	0	1.78525	0	1.78525
1835	1835	1	0.2	0.677942857142856	-0.0042633476256906	0.682206204768546
1836	1836	1	0	0.228642857142857	-0.0260595644373843	0.254702421580241
1837	1837	1	0	0	-0.098310088956013	0.098310088956013
1838	1838	1	0	0	-0.102647811226693	0.102647811226693
1839	1839	1	0	0	-0.0924727614037931	0.0924727614037931
1840	1840	1	0	0	-0.0404157228175782	0.0404157228175782
1841	1841	1	0	0	0	0
1842	1842	1	0	0	0	0
1843	1843	1	0	0	0	0
1844	1844	1	0	0	0	0
1845	1845	1	0	0	0	0
1846	1846	1	0	0	0	0
1847	1847	1	1	0	-0.021316738128453	0.021316738128453
1848	1848	1	0	0	-0.130297822186922	0.130297822186922
1849	1849	1	0	0	-0.491550444780065	0.491550444780065
1850	1850	1	3.2	0	-0.581452618144514	0.581452618144514
1851	1851	1	6.2	0.349421428571428	-1.01148061441352	1.36090204298495
1852	1852	1	0	0.189671428571429	-2.58288653494301	2.77255796351444
1853	1853	1	0	0	-4.68997773726349	4.68997773726349
1854	1854	1	0	0	-4.66164633048817	4.66164633048817
1855	1855	1	0.2	0	-3.51757051622453	3.51757051622453
1856	1856	1	0	0	-1.27894697178231	1.27894697178231
1857	1857	1	0	0	-0.098310088956013	0.098310088956013
1858	1858	1	0	0	-0.102647811226693	0.102647811226693
1859	1859	1	0.8	0.543771428571428	-0.109526151906556	0.653297580477984
1860	1860	1	0.8	0.870685714285711	-0.161707371069878	1.03239308535559
1861	1861	1	0.2	0.284342857142858	-0.50174196119928	0.786084818342138
1862	1862	1	0	0.137807142857143	-0.829891165168208	0.96769830802535
1863	1863	1	0	2.53202142857143	-0.878792379477957	3.41081380804939
1864	1864	1	0.8	2.29669285714286	-0.65125513861494	2.9479479957578
1865	1865	1	3.8	15.3164	-0.439377515311764	15.7557775153118
1866	1866	1	2.2	25.2163428571429	-0.975684626834529	26.1920274839774
1867	1867	1	0	1.04091428571429	-2.56513814388225	3.60605242959653
1868	1868	0	0		-3.40161043743848	
1869	1869	0	0		-3.047771281436	
1870	1870	0	0		-1.78509910897571	
1871	1871	0	0		-0.44457295099336	
1872	1872	0	0		0	
1873	1873	0	0		0	
1874	1874	0	0		0	
1875	1875	0	0		0	
1876	1876	0	0		0	
1877	1877	0	0		0	
1878	1878	0	0		0	
1879	1879	0	0		0	
1880	1880	0	0		0	
1881	1881	0	0		0	
1882	1882	0	0		0	
1883	1883	0	0		0	
1884	1884	0	0		0	
1885	1885	0	0		0	
1886	1886	0	0		0	
1887	1887	0	0		0	
1888	1888	0	0		0	
1889	1889	0	0		0	
1890	1890	0	0		0	
1891	1891	0	0		0	
1892	1892	0	0		0	
1893	1893	0	0		0	
1894	1894	0	0		0	
1895	1895	0	0		0	
1896	1896	0	0		0	
1897	1897	0	0		0	
1898	1898	0	0		0	
1899	1899	0	0		0	
1900	1900	0	0		0	
1901	1901	0	0		0	
1902	1902	0	0		0	
1903	1903	0	0		0	
1904	1904	0	0		0	
1905	1905	0	0		0	
1906	1906	0	0		0	
1907	1907	0	0		0	
1908	1908	0	0		0	
1909	1909	0	0		0	
1910	1910	0	0		0	
1911	1911	0	0		0	
1912	1912	0	0		0	
1913	1913	0	0		0	
1914	1914	0	0		0	
1915	1915	0	0		0	
1916	1916	0	0		0	
1917	1917	0	0		0	
1918	1918	0	0		0	
1919	1919	0	0		0	
1920	1920	0	0		0	
1921	1921	0	0		0	
1922	1922	0	0		0	
1923	1923	0	0		0	
1924	1924	0	0		0	
1925	1925	0	0		0	
1926	1926	0	0		0	
1927	1927	0	0		0	
1928	1928	0	0		0	
1929	1929	0	0		0	
1930	1930	0	0		0	
1931	1931	0	0		0	
1932	1932	0	0		0	
1933	1933	0	0		0	
1934	1934	0	0		0	
1935	1935	0	0		0	
1936	1936	0	0		0	
1937	1937	0	0		0	
1938	1938	0	0		0	
1939	1939	0	0		0	
1940	1940	0	0		0	
1941	1941	0	0		0	
1942	1942	0	0		0	
1943	1943	0	0		0	
1944	1944	0	0		0	
1945	1945	0	0		0	
1946	1946	0	0		0	
1947	1947	0	0		0	
1948	1948	0	0		0	
1949	1949	0	0		0	
1950	1950	0	0		0	
1951	1951	0	0		0	
1952	1952	0	0		0	
1953	1953	0	0		0	
1954	1954	0	0		0	
1955	1955	0	0		0	
1956	1956	0	0		0	
1957	1957	0	0		0	
1958	1958	0	0		0	
1959	1959	0	0		0	
1960	1960	0	0		0	
1961	1961	0	0		0	
1962	1962	0	0		0	
1963	1963	0	0		0	
1964	1964	0	0		0	
1965	1965	0	0		0	
1966	1966	0	0		0	
1967	1967	0	0		0	
1968	1968	0	0		0	
1969	1969	0	0		0	
1970	1970	0	0		0	
1971	1971	0	0		0	
1972	1972	0	0		0	
1973	1973	0	0		0	
1974	1974	0	0		0	
1975	1975	0	0		0	
1976	1976	0	0		0	
1977	1977	0	0		0	
1978	1978	0	0		0	
1979	1979	0	0		0	
1980	1980	0	0		0	
1981	1981	0	0		0	
1982	1982	0	0		0	
1983	1983	0	0		0	
1984	1984	0	0		0	
1985	1985	0	0		0	
1986	1986	0	0		0	
1987	1987	0	0		0	
1988	1988	0	0		0	
1989	1989	0	0		0	
1990	1990	0	0		0	
1991	1991	0	0		0	
1992	1992	0	0		0	
1993	1993	0	0		0	
1994	1994	0	0		0	
1995	1995	0	0		0	
1996	1996	0	0		0	
1997	1997	0	0		0	
1998	1998	0	0		0	
1999	1999	0	0		0	
2000	2000	0	0		0	
2001	2001	0	0		0	
2002	2002	0	0		0	
2003	2003	0	0		0	
2004	2004	0	0		0	
2005	2005	0				
2006	2006	0				
2007	2007	0				
2008	2008	0				
2009	2009	0				
2010	2010	0				
2011	2011	0				
2012	2012	0				
2013	2013	0				
2014	2014	0				
2015	2015	0				
2016	2016	0				
2017	2017	0				
2018	2018	0				
2019	2019	0				
2020	2020	0				
2021	2021	0				
2022	2022	0				
2023	2023	0				
2024	2024	0				
2025	2025	0				
2026	2026	0				
2027	2027	0				
2028	2028	0				
2029	2029	0				
2030	2030	0				
2031	2031	0				
2032	2032	0				
2033	2033	0				
2034	2034	0				
2035	2035	0				
2036	2036	0				
2037	2037	0				
2038	2038	0				
2039	2039	0				
2040	2040	0				
2041	2041	0				
2042	2042	0				
2043	2043	0				
2044	2044	0				
2045	2045	0				
2046	2046	0				
2047	2047	0				
2048	2048	0				
2049	2049	0				
2050	2050	0				
2051	2051	0				
2052	2052	0				
2053	2053	0				
2054	2054	0				
2055	2055	0				
2056	2056	0				
2057	2057	0				
2058	2058	0				
2059	2059	0				
2060	2060	0				
2061	2061	0				
2062	2062	0				
2063	2063	0				
2064	2064	0				
2065	2065	0				
2066	2066	0				
2067	2067	0				
2068	2068	0				
2069	2069	0				
2070	2070	0				
2071	2071	0				
2072	2072	0				
2073	2073	0				
2074	2074	0				
2075	2075	0				
2076	2076	0				
2077	2077	0				
2078	2078	0				
2079	2079	0				
2080	2080	0				
2081	2081	0				
2082	2082	0				
2083	2083	0				
2084	2084	0				
2085	2085	0				
2086	2086	0				
2087	2087	0				
2088	2088	0				
2089	2089	0				
2090	2090	0				
2091	2091	0				
2092	2092	0				
2093	2093	0				
2094	2094	0				
2095	2095	0				
2096	2096	0				
2097	2097	0				
2098	2098	0				
2099	2099	0				
2100	2100	0				
2101	2101	0				
2102	2102	0				
2103	2103	0				
2104	2104	0				
2105	2105	0				
2106	2106	0				
2107	2107	0				
2108	2108	0				
2109	2109	0				
2110	2110	0				
2111	2111	0				
2112	2112	0				
2113	2113	0				
2114	2114	0				
2115	2115	0				
2116	2116	0				
2117	2117	0				
2118	2118	0				
2119	2119	0				
2120	2120	0				
2121	2121	0				
2122	2122	0				
2123	2123	0				
2124	2124	0				
2125	2125	0				
2126	2126	0				
2127	2127	0				
2128	2128	0				
2129	2129	0				
2130	2130	0				
2131	2131	0				
2132	2132	0				
2133	2133	0				
2134	2134	0				
2135	2135	0				
2136	2136	0				
2137	2137	0				
2138	2138	0				
2139	2139	0				
2140	2140	0				
2141	2141	0				
2142	2142	0				
2143	2143	0				
2144	2144	0				
2145	2145	0				
2146	2146	0				
2147	2147	0				
2148	2148	0				
2149	2149	0				
2150	2150	0				
2151	2151	0				
2152	2152	0				
2153	2153	0				
2154	2154	0				
2155	2155	0				
2156	2156	0				
2157	2157	0				
2158	2158	0				
2159	2159	0				
2160	2160	0				
2161	2161	0				
2162	2162	0	0			
2163	2163	0	0			
2164	2164	0	0			
2165	2165	0	0			
2166	2166	0	0			
2167	2167	0	0		0	
2168	2168	0	0		0	
2169	2169	0	0		0	
2170	2170	0	0		0	
2171	2171	0	0		0	
2172	2172	0	0		0	
2173	2173	0	0		0	
2174	2174	0	0		0	
2175	2175	0	0		0	
2176	2176	0	0		0	
2177	2177	0	0		0	
2178	2178	0	0		0	
2179	2179	0	0		0	
2180	2180	0	0		0	
2181	2181	0	0		0	
2182	2182	0	0		0	
2183	2183	0	0		0	
2184	2184	0	0		0	
2185	2185	0	0		0	
2186	2186	0	0		0	
2187	2187	0	0		0	
2188	2188	0	0		0	
2189	2189	0	0		0	
2190	2190	0	0		0	
2191	2191	0	0		0	
2192	2192	0	0.8		-0.0170533905027624	
2193	2193	0	0.2		-0.108501605375228	
2194	2194	0	0		-0.419299920261436	
2195	2195	0	0		-0.508901333862784	
2196	2196	0	0		-0.472538856841865	
2197	2197	0	0		-0.254135652674106	
2198	2198	0	0		-0.0404157228175782	
2199	2199	0	0		0	
2200	2200	0	0		0	
2201	2201	0	0		0	
2202	2202	0	0		0	
2203	2203	0	0.6		-0.0127900428770718	
2204	2204	0	0.2		-0.0824420409378435	
2205	2205	0	4.8		-0.423310174321998	
2206	2206	0	0.2		-1.03594641675901	
2207	2207	0	0		-2.76556779481977	
2208	2208	0	0		-2.77557748825317	
2209	2209	0	0		-2.36240980773531	
2210	2210	0	0		-1.06245010902567	
2211	2211	0	0.2		-0.0446790704432688	
2212	2212	0	0		-0.0260595644373843	
2213	2213	0	7		-0.247527255855184	
2214	2214	0	9.4		-1.2151099049426	
2215	2215	0	0		-4.75812540342131	
2216	2216	0	1.2		-8.27924338243858	
2217	2217	0	0.4		-8.22587785866301	
2218	2218	0	1.4		-6.43259318058419	
2219	2219	0	0		-2.89446296876005	
2220	2220	0	0.2		-1.45256616119393	
2221	2221	0	0.2		-1.17629745036298	
2222	2222	0	0		-0.852510428855106	
2223	2223	0	0		-0.483867959905753	
2224	2224	0	0		-0.195120572630486	
2225	2225	0	0		-0.132888484221371	
2226	2226	0	0		-0.0404157228175782	
2227	2227	0	0		0	
2228	2228	0	0		0	
2229	2229	0	0		0	
2230	2230	0	7.6		-0.162007209776243	
2231	2231	0	0.2		-0.994526796246295	
2232	2232	0	0		-3.76184294476588	
2233	2233	0	0		-3.99892691557034	
2234	2234	0	0		-3.61661274457083	
2235	2235	0	0		-1.62827022847176	
2236	2236	0	0.2		-0.0446790704432688	
2237	2237	0	0		-0.0260595644373843	
2238	2238	0	1.2		-0.123890174710157	
2239	2239	0	0.2		-0.263268545476689	
2240	2240	0	0		-0.708392859577256	
2241	2241	0	0.4		-0.763139374385129	
2242	2242	0	0		-0.70960350852422	
2243	2243	0	1.2		-0.557167361975432	
2244	2244	0	3.6		-0.4788089891577	
2245	2245	0	0		-1.24387821641658	
2246	2246	0	0		-2.46629991420355	
2247	2247	0	0		-2.40249717050323	
2248	2248	0	0		-1.90700404217375	
2249	2249	0	0		-0.727483010716407	
2250	2250	0	0		0	
2251	2251	0	4		-0.085266952513812	
2252	2252	0	0.2		-0.525454636373377	
2253	2253	0	0		-1.99226134355764	
2254	2254	0	0		-2.15126631348987	
2255	2255	0	0		-1.95210303930256	
2256	2256	0	0		-0.900787217755356	
2257	2257	0	0		-0.0404157228175782	
2258	2258	0	0		0	
2259	2259	0	0		0	
2260	2260	0	0		0	
2261	2261	0	0		0	
2262	2262	0	0		0	
2263	2263	0	0		0	
2264	2264	0	0		0	
2265	2265	0	0		0	
2266	2266	0	0		0	
2267	2267	0	0		0	
2268	2268	0	0		0	
2269	2269	0	0		0	
2270	2270	0	0		0	
2271	2271	0	0		0	
2272	2272	0	0		0	
2273	2273	0	0		0	
2274	2274	0	0		0	
2275	2275	0	0		0	
2276	2276	0	0		0	
2277	2277	0	0		0	
2278	2278	0	0		0	
2279	2279	0	0		0	
2280	2280	0	0		0	
2281	2281	0	0		0	
2282	2282	0	0		0	
2283	2283	0	0		0	
2284	2284	0	0		0	
2285	2285	0	0		0	
2286	2286	0	0		0	
2287	2287	0	0		0	
2288	2288	0	0		0	
2289	2289	0	0		0	
2290	2290	0	0		0	
2291	2291	0	0		0	
2292	2292	0	0		0	
2293	2293	0	0		0	
2294	2294	0	0		0	
2295	2295	0	0		0	
2296	2296	0	0		0	
2297	2297	0	0		0	
2298	2298	0	0		0	
2299	2299	0	0		0	
2300	2300	0	0		0	
2301	2301	0	0		0	
2302	2302	0	0		0	
2303	2303	0	0		0	
2304	2304	0	0		0	
2305	2305	0	0		0	
2306	2306	0	0		0	
2307	2307	0	0		0	
2308	2308	0	0		0	
2309	2309	0	0		0	
2310	2310	0	0		0	
2311	2311	0	0		0	
2312	2312	0	0		0	
2313	2313	0	0		0	
2314	2314	0	0		0	
2315	2315	0	0		0	
2316	2316	0	0		0	
2317	2317	0	0		0	
2318	2318	0	0		0	
2319	2319	0	0		0	
2320	2320	0	0		0	
2321	2321	0	0		0	
2322	2322	0	0		0	
2323	2323	0	0		0	
2324	2324	0	0		0	
2325	2325	0	0		0	
2326	2326	0	0		0	
2327	2327	0	0		0	
2328	2328	0	0		0	
2329	2329	0	0		0	
2330	2330	0	0		0	
2331	2331	0	0		0	
2332	2332	0	0		0	
2333	2333	0	0		0	
2334	2334	0	0		0	
2335	2335	0	0		0	
2336	2336	0	0		0	
2337	2337	0	0		0	
2338	2338	0	0		0	
2339	2339	0	0		0	
2340	2340	0	0		0	
2341	2341	0	0		0	
2342	2342	0	0		0	
2343	2343	0	0		0	
2344	2344	0	0		0	
2345	2345	0	0		0	
2346	2346	0	0		0	
2347	2347	0	0		0	
2348	2348	0	0		0	
2349	2349	0	0		0	
2350	2350	0	0		0	
2351	2351	0	0		0	
2352	2352	0	0		0	
2353	2353	0	0		0	
2354	2354	0	0		0	
2355	2355	0	0		0	
2356	2356	0	0		0	
2357	2357	0	0		0	
2358	2358	0	0		0	
2359	2359	0	0		0	
2360	2360	0	0		0	
2361	2361	0	0		0	
2362	2362	0	0		0	
2363	2363	0	0		0	
2364	2364	0	0		0	
2365	2365	0	0		0	
2366	2366	0	0		0	
2367	2367	0	0		0	
2368	2368	0	0		0	
2369	2369	0	0		0	
2370	2370	0	0		0	
2371	2371	0	0		0	
2372	2372	0	0		0	
2373	2373	0	0		0	
2374	2374	0	0		0	
2375	2375	0	0		0	
2376	2376	0	0		0	
2377	2377	0	0		0	
2378	2378	0	0		0	
2379	2379	0	0		0	
2380	2380	0	0		0	
2381	2381	0	0		0	
2382	2382	0	0		0	
2383	2383	0	0		0	
2384	2384	0	0		0	
2385	2385	0	0		0	
2386	2386	0	0		0	
2387	2387	0	0		0	
2388	2388	0	0		0	
2389	2389	0	0		0	
2390	2390	0	0		0	
2391	2391	0	0		0	
2392	2392	0	0		0	
2393	2393	0	0		0	
2394	2394	0	0		0	
2395	2395	0	0		0	
2396	2396	0	0		0	
2397	2397	0	0		0	
2398	2398	0	0		0	
2399	2399	0	0		0	
2400	2400	0	0		0	
2401	2401	0	0		0	
2402	2402	0	0		0	
2403	2403	0	0		0	
2404	2404	0	0		0	
2405	2405	0	0		0	
2406	2406	0	0		0	
2407	2407	0	0		0	
2408	2408	0	0		0	
2409	2409	0	0		0	
2410	2410	0	0		0	
2411	2411	0	0		0	
2412	2412	0	0		0	
2413	2413	0	0		0	
2414	2414	0	0		0	
2415	2415	0	0		0	
2416	2416	0	0		0	
2417	2417	0	0		0	
2418	2418	0	0		0	
2419	2419	0	0		0	
2420	2420	0	0		0	
2421	2421	0	0		0	
2422	2422	0	0		0	
2423	2423	0	0		0	
2424	2424	0	0		0	
2425	2425	0	0		0	
2426	2426	0	0		0	
2427	2427	0	0		0	
2428	2428	0	0		0	
2429	2429	0	0		0	
2430	2430	0	0		0	
2431	2431	0	0		0	
2432	2432	0	0		0	
2433	2433	0	0		0	
2434	2434	0	0		0	
2435	2435	0	0		0	
2436	2436	0	0		0	
2437	2437	0	0		0	
2438	2438	0	0		0	
2439	2439	0	0		0	
2440	2440	0	0		0	
2441	2441	0	0		0	
2442	2442	0	0		0	
2443	2443	0	0		0	
2444	2444	0	0		0	
2445	2445	0	0		0	
2446	2446	0	0		0	
2447	2447	0	0		0	
2448	2448	0	0		0	
2449	2449	0	0		0	
2450	2450	0	0		0	
2451	2451	0	0		0	
2452	2452	0	0		0	
2453	2453	0	0		0	
2454	2454	0	0		0	
2455	2455	0	0		0	
2456	2456	0	0		0	
2457	2457	0	0		0	
2458	2458	0	0		0	
2459	2459	0	0		0	
2460	2460	0	0		0	
2461	2461	0	0		0	
2462	2462	0	0		0	
2463	2463	0	0		0	
2464	2464	0	0		0	
2465	2465	0	0		0	
2466	2466	0	0		0	
2467	2467	0	0		0	
2468	2468	0	0		0	
2469	2469	0	0		0	
2470	2470	0	0		0	
2471	2471	0	0		0	
2472	2472	0	0		0	
2473	2473	0	0		0	
2474	2474	0	0		0	
2475	2475	0	0		0	
2476	2476	0	0		0	
2477	2477	0	0		0	
2478	2478	0	0		0	
2479	2479	0	0		0	
2480	2480	0	0		0	
2481	2481	0	0		0	
2482	2482	0	0		0	
2483	2483	0	0		0	
2484	2484	0	0		0	
2485	2485	0	0		0	
2486	2486	0	0		0	
2487	2487	0	0		0	
2488	2488	0	0		0	
2489	2489	0	0		0	
2490	2490	0	0		0	
2491	2491	0	0		0	
2492	2492	0	0		0	
2493	2493	0	0		0	
2494	2494	0	0		0	
2495	2495	0	0		0	
2496	2496	0	0		0	
2497	2497	0	0		0	
2498	2498	0	0		0	
2499	2499	0	0		0	
2500	2500	0	0		0	
2501	2501	0	0		0	
2502	2502	0	0		0	
2503	2503	0	0		0	
2504	2504	0	0		0	
2505	2505	0	0		0	
2506	2506	0	0		0	
2507	2507	0	0		0	
2508	2508	0	0		0	
2509	2509	0	0		0	
2510	2510	0	0		0	
2511	2511	0	0		0	
2512	2512	0	0		0	
2513	2513	0	0		0	
2514	2514	0	0		0	
2515	2515	0	0		0	
2516	2516	0	0		0	
2517	2517	0	0		0	
2518	2518	0	0		0	
2519	2519	0	0		0	
2520	2520	0	0		0	
2521	2521	0	0		0	
2522	2522	0	0		0	
2523	2523	0	0		0	
2524	2524	0	0		0	
2525	2525	0	0		0	
2526	2526	0	0		0	
2527	2527	0	0		0	
2528	2528	0	0		0	
2529	2529	0	0		0	
2530	2530	0	0		0	
2531	2531	0	0		0	
2532	2532	0	0		0	
2533	2533	0	0		0	
2534	2534	0	0		0	
2535	2535	0	0		0	
2536	2536	0	0		0	
2537	2537	0	0		0	
2538	2538	0	0		0	
2539	2539	0	0		0	
2540	2540	0	0		0	
2541	2541	0	0		0	
2542	2542	0	0		0	
2543	2543	0	0		0	
2544	2544	0	0		0	
2545	2545	0	0		0	
2546	2546	0	0		0	
2547	2547	0	0		0	
2548	2548	0	0		0	
2549	2549	0	0		0	
2550	2550	0	0		0	
2551	2551	0	0		0	
2552	2552	0	0		0	
2553	2553	0	0		0	
2554	2554	0	0		0	
2555	2555	0	0		0	
2556	2556	0	0	0	0	0
2557	2557	1	0	0	0	0
2558	2558	1	0	0	0	0
2559	2559	1	0	0	0	0
2560	2560	1	0	65.7108214285713	0	65.7108214285713
2561	2561	1	0	18.8592857142857	0	18.8592857142857
2562	2562	1	0	12.4430285714287	0	12.4430285714287
2563	2563	1	0	12.1958571428571	0	12.1958571428571
2564	2564	1	0	19.1336785714286	0	19.1336785714286
2565	2565	1	0	10.9639285714286	0	10.9639285714286
2566	2566	1	0.4	9.39000000000001	-0.0085266952513812	9.39852669525139
2567	2567	1	0	11.3268571428572	-0.0521191288747686	11.3789762717319
2568	2568	1	0	11.7894857142857	-0.196620177912026	11.9861058921978
2569	2569	1	0	8.89758571428575	-0.205295622453386	9.10288133673914
2570	2570	1	0	9.21595714285713	-0.184945522807586	9.40090266566471
2571	2571	1	0	6.96274285714284	-0.0808314456351563	7.04357430277799
2572	2572	1	0	2.75142857142857	0	2.75142857142857
2573	2573	1	0	1.69165714285714	0	1.69165714285714
2574	2574	1	0	1.45337857142857	0	1.45337857142857
2575	2575	1	0	1.43285714285714	0	1.43285714285714
2576	2576	1	0	0.792799999999999	0	0.792799999999999
2577	2577	1	0	0.503099999999999	0	0.503099999999999
2578	2578	1	0	0.38925	0	0.38925
2579	2579	1	0	0.619142857142856	0	0.619142857142856
2580	2580	1	0	0	0	0
2581	2581	1	0	0	0	0
2582	2582	1	0	0	0	0
2583	2583	1	0	0	0	0
2584	2584	1	1	0	-0.021316738128453	0.021316738128453
2585	2585	1	0.2	0	-0.134561169812612	0.134561169812612
2586	2586	1	2.6	0	-0.573033528351427	0.573033528351427
2587	2587	1	0.6	0	-0.963113525652545	0.963113525652545
2588	2588	1	0.4	0	-1.92974816323736	1.92974816323736
2589	2589	1	0	0	-1.9760223171815	1.9760223171815
2590	2590	1	0	0	-1.74712523265899	1.74712523265899
2591	2591	1	0	0	-1.00811830329328	1.00811830329328
2592	2592	1	0	0	-0.306192691260321	0.306192691260321
2593	2593	1	0.2	0	-0.0850947932608469	0.0850947932608469
2594	2594	1	0	0	-0.0260595644373843	0.0260595644373843
2595	2595	1	0.6	0	-0.111100131833085	0.111100131833085
2596	2596	1	2.2	0	-0.227723328421442	0.227723328421442
2597	2597	1	0	0	-0.67405823708306	0.67405823708306
2598	2598	1	1.6	0	-1.46387691601932	1.46387691601932
2599	2599	1	0	0	-1.61502072320408	1.61502072320408
2600	2600	1	1	0	-1.94624499367102	1.94624499367102
2601	2601	1	0.2	0	-1.40031661061951	1.40031661061951
2602	2602	1	0.4	0	-1.26591879569918	1.26591879569918
2603	2603	1	0.2	0	-0.991257404130561	0.991257404130561
2604	2604	1	0	0	-0.787691360595069	0.787691360595069
2605	2605	1	0	0	-0.598157086901083	0.598157086901083
2606	2606	1	0.6	0	-0.340799099728929	0.340799099728929
2607	2607	0	0.4		-0.260009595602484	
2608	2608	0	0		-0.387465118560386	
2609	2609	0	0.2		-0.508826959217795	
2610	2610	0	0		-0.508773471102149	
2611	2611	0	0		-0.404502780216334	
2612	2612	0	0		-0.183479256861849	
2613	2613	0	0		-0.0924727614037931	
2614	2614	0	0		-0.0404157228175782	
2615	2615	0	0		0	
2616	2616	0	0		0	
2617	2617	0	0		0	
2618	2618	0	0		0	
2619	2619	0	0		0	
2620	2620	0	0		0	
2621	2621	0	0		0	
2622	2622	0	0		0	
2623	2623	0	0		0	
2624	2624	0	0		0	
2625	2625	0	0.2		-0.0042633476256906	
2626	2626	0	0.2		-0.0303229120630749	
2627	2627	0	0		-0.124369653393397	
2628	2628	0	1.6		-0.235064681188231	
2629	2629	0	0		-0.403597088129561	
2630	2630	0	0.2		-0.923632543495166	
2631	2631	0	0.2		-0.891921124694196	
2632	2632	0	0		-0.864151744623743	
2633	2633	0	0		-0.524283682723331	
2634	2634	0	0		-0.195120572630486	
2635	2635	0	0		-0.132888484221371	
2636	2636	0	0		-0.0404157228175782	
2637	2637	0	1.6		-0.0341067810055248	
2638	2638	0	0		-0.208476515499075	
2639	2639	0	0		-0.786480711648104	
2640	2640	0	0		-0.821182489813543	
2641	2641	0	0		-0.739782091230345	
2642	2642	0	0		-0.323325782540625	
2643	2643	0	0		0	
2644	2644	0	0		0	
2645	2645	0	0		0	
2646	2646	0	0		0	
2647	2647	0	0		0	
2648	2648	0	0		0	
2649	2649	0	0		0	
2650	2650	0	0		0	
2651	2651	0	0		0	
2652	2652	0	0		0	
2653	2653	0	0		0	
2654	2654	0	0		0	
2655	2655	0	0		0	
2656	2656	0	0		0	
2657	2657	0	0		0	
2658	2658	0	0		0	
2659	2659	0	0		0	
2660	2660	0	0		0	
2661	2661	0	0		0	
2662	2662	0	0		0	
2663	2663	0	0		0	
2664	2664	0	0		0	
2665	2665	0	0		0	
2666	2666	0	0		0	
2667	2667	0	0		0	
2668	2668	0	0		0	
2669	2669	0	0		0	
2670	2670	0	0		0	
2671	2671	0	0		0	
2672	2672	0	0		0	
2673	2673	0	0		0	
2674	2674	0	0		0	
2675	2675	0	0		0	
2676	2676	0	0		0	
2677	2677	0	0		0	
2678	2678	0	0		0	
2679	2679	0	0		0	
2680	2680	0	0		0	
2681	2681	0	0		0	
2682	2682	0	0		0	
2683	2683	0	0		0	
2684	2684	0	0		0	
2685	2685	0	0		0	
2686	2686	0	0		0	
2687	2687	0	0		0	
2688	2688	0	0		0	
2689	2689	0	0		0	
2690	2690	0	0		0	
2691	2691	0	0		0	
2692	2692	0	0		0	
2693	2693	0	0		0	
2694	2694	0	0		0	
2695	2695	0	0		0	
2696	2696	0	0		0	
2697	2697	0	0		0	
2698	2698	0	0		0	
2699	2699	0	0		0	
2700	2700	0	0		0	
2701	2701	0	0		0	
2702	2702	0	0		0	
2703	2703	0	0		0	
2704	2704	0	0		0	
2705	2705	0	0		0	
2706	2706	0	0		0	
2707	2707	0	0		0	
2708	2708	0	0		0	
2709	2709	0	0		0	
2710	2710	0	0		0	
2711	2711	0	0		0	
2712	2712	0	0		0	
2713	2713	0	0		0	
2714	2714	0	0		0	
2715	2715	0	0		0	
2716	2716	0	0		0	
2717	2717	0	0		0	
2718	2718	0	0		0	
2719	2719	0	0		0	
2720	2720	0	0		0	
2721	2721	0	0		0	
2722	2722	0	0		0	
2723	2723	0	0		0	
2724	2724	0	0		0	
2725	2725	0	0		0	
2726	2726	0	0		0	
2727	2727	0	0		0	
2728	2728	0	0		0	
2729	2729	0	0		0	
2730	2730	0	0		0	
2731	2731	0	0		0	
2732	2732	0	0		0	
2733	2733	0	0		0	
2734	2734	0	0		0	
2735	2735	0	0		0	
2736	2736	0	0		0	
2737	2737	0	0		0	
2738	2738	0	0		0	
2739	2739	0	0		0	
2740	2740	0	0		0	
2741	2741	0	0		0	
2742	2742	0	0		0	
2743	2743	0	0		0	
2744	2744	0	0		0	
2745	2745	0	0		0	
2746	2746	0	0		0	
2747	2747	0	0		0	
2748	2748	0	0		0	
2749	2749	0	0		0	
2750	2750	0	0		0	
2751	2751	0	0		0	
2752	2752	0	0		0	
2753	2753	0	0		0	
2754	2754	0	0		0	
2755	2755	0	0		0	
2756	2756	0	0		0	
2757	2757	0	0		0	
2758	2758	0	0		0	
2759	2759	0	0		0	
2760	2760	0	0		0	
2761	2761	0	0		0	
2762	2762	0	0		0	
2763	2763	0	0		0	
2764	2764	0	0		0	
2765	2765	0	0		0	
2766	2766	0	0		0	
2767	2767	0	0		0	
2768	2768	0	0		0	
2769	2769	0	0		0	
2770	2770	0	0		0	
2771	2771	0	0		0	
2772	2772	0	0		0	
2773	2773	0	0		0	
2774	2774	0	0		0	
2775	2775	0	0		0	
2776	2776	0	0		0	
2777	2777	0	0		0	
2778	2778	0	0		0	
2779	2779	0	0		0	
2780	2780	0	0		0	
2781	2781	0	0		0	
2782	2782	0	0		0	
2783	2783	0	0		0	
2784	2784	0	0		0	
2785	2785	0	0		0	
2786	2786	0	0		0	
2787	2787	0	0		0	
2788	2788	0	0		0	
2789	2789	0	0		0	
2790	2790	0	0		0	
2791	2791	0	0		0	
2792	2792	0	0		0	
2793	2793	0	0		0	
2794	2794	0	0		0	
2795	2795	0	0		0	
2796	2796	0	0		0	
2797	2797	0	0		0	
2798	2798	0	0		0	
2799	2799	0	0		0	
2800	2800	0	0		0	
2801	2801	0	0		0	
2802	2802	0	0		0	
2803	2803	0	0		0	
2804	2804	0	0		0	
2805	2805	0	0		0	
2806	2806	0	0		0	
2807	2807	0	0		0	
2808	2808	0	0		0	
2809	2809	0	0		0	
2810	2810	0	0		0	
2811	2811	0	0		0	
2812	2812	0	0		0	
2813	2813	0	0		0	
2814	2814	0	0		0	
2815	2815	0	0		0	
2816	2816	0	0		0	
2817	2817	0	0		0	
2818	2818	0	0		0	
2819	2819	0	0		0	
2820	2820	0	0		0	
2821	2821	0	0		0	
2822	2822	0	0		0	
2823	2823	0	0		0	
2824	2824	0	0		0	
2825	2825	0	0		0	
2826	2826	0	0		0	
2827	2827	0	0		0	
2828	2828	0	0		0	
2829	2829	0	0		0	
2830	2830	0	0		0	
2831	2831	0	0		0	
2832	2832	0	0		0	
2833	2833	0	0		0	
2834	2834	0	0		0	
2835	2835	0	0		0	
2836	2836	0	0		0	
2837	2837	0	0		0	
2838	2838	0	0		0	
2839	2839	0	0		0	
2840	2840	0	0		0	
2841	2841	0	0		0	
2842	2842	0	0		0	
2843	2843	0	0		0	
2844	2844	0	0		0	
2845	2845	0	0		0	
2846	2846	0	0		0	
2847	2847	0	0		0	
2848	2848	0	0		0	
2849	2849	0	0		0	
2850	2850	0	0		0	
2851	2851	0	0		0	
2852	2852	0	0		0	
2853	2853	0	0		0	
2854	2854	0	0		0	
2855	2855	0	0		0	
2856	2856	0	0		0	
2857	2857	0	0		0	
2858	2858	0	0		0	
2859	2859	0	0		0	
2860	2860	0	0		0	
2861	2861	0	0		0	
2862	2862	0	0		0	
2863	2863	0	0		0	
2864	2864	0	0		0	
2865	2865	0	0		0	
2866	2866	0	0		0	
2867	2867	0	0		0	
2868	2868	0	0		0	
2869	2869	0	0		0	
2870	2870	0	0		0	
2871	2871	0	0		0	
2872	2872	0	0		0	
2873	2873	0	0		0	
2874	2874	0	0		0	
2875	2875	0	0		0	
2876	2876	0	0		0	
2877	2877	0	0		0	
2878	2878	0	0		0	
2879	2879	0	0		0	
2880	2880	0	0		0	
2881	2881	0	0		0	
2882	2882	0	0		0	
2883	2883	0	0		0	
2884	2884	0	0		0	
2885	2885	0	0		0	
2886	2886	0	0		0	
2887	2887	0	0		0	
2888	2888	0	0		0	
2889	2889	0	0		0	
2890	2890	0	0		0	
2891	2891	0	0		0	
2892	2892	0	0		0	
2893	2893	0	0		0	
2894	2894	0	0		0	
2895	2895	0	0		0	
2896	2896	0	0		0	
2897	2897	0	0		0	
2898	2898	0	0		0	
2899	2899	0	0		0	
2900	2900	0	0		0	
2901	2901	0	0		0	
2902	2902	0	0		0	
2903	2903	0	0		0	
2904	2904	0	0		0	
2905	2905	0	0		0	
2906	2906	0	0		0	
2907	2907	0	0		0	
2908	2908	0	0		0	
2909	2909	0	0		0	
2910	2910	0	0		0	
2911	2911	0	0		0	
2912	2912	0	0		0	
2913	2913	0	0		0	
2914	2914	0	0		0	
2915	2915	0	0		0	
2916	2916	0	0		0	
2917	2917	0	0		0	
2918	2918	0	0		0	
2919	2919	0	0.6		-0.0127900428770718	
2920	2920	0	0		-0.078178693312153	
2921	2921	0	0		-0.294930266868039	
2922	2922	0	0		-0.307943433680078	
2923	2923	0	0		-0.277418284211379	
2924	2924	0	0		-0.121247168452735	
2925	2925	0	1.8		-0.0383701286312154	
2926	2926	0	0.4		-0.24306277518784	
2927	2927	0	0		-0.936909929478886	
2928	2928	0	1.8		-1.15882060758348	
2929	2929	0	3.6		-1.34882681228641	
2930	2930	0	4		-1.98781694115664	
2931	2931	0	0.2		-3.299697984257	
2932	2932	0	0		-4.67217679827225	
2933	2933	0	0		-4.17951752411635	
2934	2934	0	0		-2.67958605001896	
2935	2935	0	0		-0.900787217755356	
2936	2936	0	0		-0.0404157228175782	
2937	2937	0	0		0	
2938	2938	0	0		0	
2939	2939	0	1.2		-0.0255800857541436	
2940	2940	0	0		-0.156357386624306	
2941	2941	0	1		-0.611177271864531	
2942	2942	0	0		-0.746184689547078	
2943	2943	0	0.2		-1.05065036082851	
2944	2944	0	0.2		-0.786056305102008	
2945	2945	0	0		-0.586733460412363	
2946	2946	0	0.2		-0.407299861896287	
2947	2947	0	0.2		-0.225443484693561	
2948	2948	0	0		-0.257258137614769	
2949	2949	0	0		-0.241373623000284	
2950	2950	0	0		-0.195120572630486	
2951	2951	0	0		-0.132888484221371	
2952	2952	0	0		-0.0404157228175782	
2953	2953	0	0		0	
2954	2954	0	0		0	
2955	2955	0	0		0	
2956	2956	0	0		0	
2957	2957	0	0		0	
2958	2958	0	0		0	
2959	2959	0	0		0	
2960	2960	0	1.6		-0.0341067810055248	
2961	2961	0	2.2		-0.255373339381671	
2962	2962	0	0		-1.07313592045933	
2963	2963	0	0		-1.90259346832969	
2964	2964	0	0		-1.86890801472397	
2965	2965	0	0		-1.34052615798235	
2966	2966	0	0		-0.44457295099336	
2967	2967	0	0		0	
2968	2968	0	3		-0.063950214385359	
2969	2969	0	2.8		-0.450580333320433	
2970	2970	0	0.2		-1.84374858408927	
2971	2971	0	0.2		-2.94638132584765	
2972	2972	0	1		-2.96984716975245	
2973	2973	0	0		-2.2321102242864	
2974	2974	0	0		-1.25249113685665	
2975	2975	0	0		-0.646127540354835	
2976	2976	0	0		-0.502779529836544	
2977	2977	0	0.4		-0.210605309339272	
2978	2978	0	0		-0.0521191288747686	
2979	2979	0	0.6		-0.209410220789098	
2980	2980	0	0		-0.283474315765539	
2981	2981	0	0.2		-0.484139137301316	
2982	2982	0	0.2		-0.41909779137831	
2983	2983	0	0.2		-0.406051285230467	
2984	2984	0	0		-0.348264633072825	
2985	2985	0	0		-0.293430661586499	
2986	2986	0	0.6		-0.248326338325136	
2987	2987	0	1.2		-0.236647263287668	
2988	2988	0	0.2		-0.495966723935614	
2989	2989	0	1.6		-0.957970312859065	
2990	2990	0	0		-1.20009175602662	
2991	2991	0	0.2		-1.56947560737598	
2992	2992	0	1.2		-1.20778923831433	
2993	2993	0	3.6		-1.11160554689067	
2994	2994	0	0.2		-1.489169635002	
2995	2995	0	0		-2.50400079440957	
2996	2996	0	0		-2.54122298227682	
2997	2997	0	0		-2.00965185340044	
2998	2998	0	0		-0.8199557721202	
2999	2999	0	0		-0.0404157228175782	
3000	3000	0	0		0	
3001	3001	0	0.2		-0.0042633476256906	
3002	3002	0	0		-0.0260595644373843	
3003	3003	0	0		-0.098310088956013	
3004	3004	0	0.2		-0.106911158852383	
3005	3005	0	0		-0.118532325841177	
3006	3006	0	0		-0.138725811773591	
3007	3007	0	0.6		-0.115437854103765	
3008	3008	0	0		-0.170651454715946	
3009	3009	0	0		-0.335345989685617	
3010	3010	0	0		-0.307943433680078	
3011	3011	0	0		-0.277418284211379	
3012	3012	0	0		-0.121247168452735	
3013	3013	0	0		0	
3014	3014	0	0		0	
3015	3015	0	0		0	
3016	3016	0	0		0	
3017	3017	0	0		0	
3018	3018	0	0		0	
3019	3019	0	0		0	
3020	3020	0	0		0	
3021	3021	0	0		0	
3022	3022	0	0		0	
3023	3023	0	0		0	
3024	3024	0	0		0	
3025	3025	0	0		0	
3026	3026	0	0		0	
3027	3027	0	0		0	
3028	3028	0	0		0	
3029	3029	0	0		0	
3030	3030	0	0		0	
3031	3031	0	0		0	
3032	3032	0	0		0	
3033	3033	0	0		0	
3034	3034	0	0		0	
3035	3035	0	0		0	
3036	3036	0	0		0	
3037	3037	0	0		0	
3038	3038	0	0		0	
3039	3039	0	0		0	
3040	3040	0	0		0	
3041	3041	0	0		0	
3042	3042	0	0		0	
3043	3043	0	0		0	
3044	3044	0	0		0	
3045	3045	0	0		0	
3046	3046	0	0		0	
3047	3047	0	0		0	
3048	3048	0	0		0	
3049	3049	0	0		0	
3050	3050	0	0		0	
3051	3051	0	0		0	
3052	3052	0	0		0	
3053	3053	0	0		0	
3054	3054	0	0		0	
3055	3055	0	0		0	
3056	3056	0	0		0	
3057	3057	0	0		0	
3058	3058	0	0		0	
3059	3059	0	0		0	
3060	3060	0	0		0	
3061	3061	0	0		0	
3062	3062	0	0		0	
3063	3063	0	0		0	
3064	3064	0	0		0	
3065	3065	0	0		0	
3066	3066	0	0		0	
3067	3067	0	0		0	
3068	3068	0	0		0	
3069	3069	0	0		0	
3070	3070	0	0		0	
3071	3071	0	0		0	
3072	3072	0	0		0	
3073	3073	0	0		0	
3074	3074	0	0		0	
3075	3075	0	0		0	
3076	3076	0	0		0	
3077	3077	0	0		0	
3078	3078	0	0		0	
3079	3079	0	0		0	
3080	3080	0	0		0	
3081	3081	0	0		0	
3082	3082	0	0		0	
3083	3083	0	0		0	
3084	3084	0	0		0	
3085	3085	0	0		0	
3086	3086	0	0		0	
3087	3087	0	0		0	
3088	3088	0	0		0	
3089	3089	0	0		0	
3090	3090	0	0		0	
3091	3091	0	0		0	
3092	3092	0	0		0	
3093	3093	0	0		0	
3094	3094	0	0		0	
3095	3095	0	0		0	
3096	3096	0	0		0	
3097	3097	0	0		0	
3098	3098	0	0		0	
3099	3099	0	0		0	
3100	3100	0	0		0	
3101	3101	0	0		0	
3102	3102	0	0		0	
3103	3103	0	0		0	
3104	3104	0	0		0	
3105	3105	0	0		0	
3106	3106	0	0		0	
3107	3107	0	0		0	
3108	3108	0	0		0	
3109	3109	0	0		0	
3110	3110	0	0		0	
3111	3111	0	0		0	
3112	3112	0	0		0	
3113	3113	0	0		0	
3114	3114	0	0		0	
3115	3115	0	0		0	
3116	3116	0	0		0	
3117	3117	0	0		0	
3118	3118	0	0		0	
3119	3119	0	0		0	
3120	3120	0	0		0	
3121	3121	0	0		0	
3122	3122	0	0		0	
3123	3123	0	0		0	
3124	3124	0	0		0	
3125	3125	0	0		0	
3126	3126	0	0		0	
3127	3127	0	0		0	
3128	3128	0	0		0	
3129	3129	0	0		0	
3130	3130	0	0		0	
3131	3131	0	0		0	
3132	3132	0	0		0	
3133	3133	0	0		0	
3134	3134	0	0		0	
3135	3135	0	0		0	
3136	3136	0	0		0	
3137	3137	0	0		0	
3138	3138	0	0		0	
3139	3139	0	0		0	
3140	3140	0	0		0	
3141	3141	0	0		0	
3142	3142	0	0		0	
3143	3143	0	0		0	
3144	3144	0	0		0	
3145	3145	0	0		0	
3146	3146	0	0		0	
3147	3147	0	0		0	
3148	3148	0	0		0	
3149	3149	0	0		0	
3150	3150	0	0		0	
3151	3151	0	0		0	
3152	3152	0	0		0	
3153	3153	0	0		0	
3154	3154	0	0		0	
3155	3155	0	0		0	
3156	3156	0	0		0	
3157	3157	0	0		0	
3158	3158	0	0		0	
3159	3159	0	0		0	
3160	3160	0	0		0	
3161	3161	0	0		0	
3162	3162	0	0		0	
3163	3163	0	0		0	
3164	3164	0	0		0	
3165	3165	0	0		0	
3166	3166	0	0		0	
3167	3167	0	0		0	
3168	3168	0	0		0	
3169	3169	0	0		0	
3170	3170	0	0		0	
3171	3171	0	0		0	
3172	3172	0	0		0	
3173	3173	0	0		0	
3174	3174	0	0		0	
3175	3175	0	0		0	
3176	3176	0	0		0	
3177	3177	0	0		0	
3178	3178	0	0		0	
3179	3179	0	0		0	
3180	3180	0	0		0	
3181	3181	0	0		0	
3182	3182	0	0		0	
3183	3183	0	0		0	
3184	3184	0	0		0	
3185	3185	0	0		0	
3186	3186	0	0		0	
3187	3187	0	0		0	
3188	3188	0	0		0	
3189	3189	0	0		0	
3190	3190	0	0		0	
3191	3191	0	0		0	
3192	3192	0	0		0	
3193	3193	0	0		0	
3194	3194	0	0		0	
3195	3195	0	0		0	
3196	3196	0	0		0	
3197	3197	0	0		0	
3198	3198	0	0		0	
3199	3199	0	0		0	
3200	3200	0	0		0	
3201	3201	0	0		0	
3202	3202	0	0		0	
3203	3203	0	0		0	
3204	3204	0	0		0	
3205	3205	0	0		0	
3206	3206	0	0		0	
3207	3207	0	0		0	
3208	3208	0	0		0	
3209	3209	0	0		0	
3210	3210	0	0		0	
3211	3211	0	0		0	
3212	3212	0	0		0	
3213	3213	0	0		0	
3214	3214	0	0		0	
3215	3215	0	0		0	
3216	3216	0	0		0	
3217	3217	0	0		0	
3218	3218	0	0		0	
3219	3219	0	0		0	
3220	3220	0	0		0	
3221	3221	0	0		0	
3222	3222	0	0		0	
3223	3223	0	0		0	
3224	3224	0	0		0	
3225	3225	0	0		0	
3226	3226	0	0		0	
3227	3227	0	0		0	
3228	3228	0	0		0	
3229	3229	0	0		0	
3230	3230	0	0		0	
3231	3231	0	0		0	
3232	3232	0	0		0	
3233	3233	0	0		0	
3234	3234	0	0		0	
3235	3235	0	0		0	
3236	3236	0	0		0	
3237	3237	0	0		0	
3238	3238	0	0		0	
3239	3239	0	0		0	
3240	3240	0	0		0	
3241	3241	0	0		0	
3242	3242	0	0		0	
3243	3243	0	0		0	
3244	3244	0	0		0	
3245	3245	0	0		0	
3246	3246	0	0		0	
3247	3247	0	0		0	
3248	3248	0	0		0	
3249	3249	0	0		0	
3250	3250	0	0		0	
3251	3251	0	0		0	
3252	3252	0	0		0	
3253	3253	0	0		0	
3254	3254	0	0		0	
3255	3255	0	0		0	
3256	3256	0	0		0	
3257	3257	0	0		0	
3258	3258	0	0		0	
3259	3259	0	0		0	
3260	3260	0	0		0	
3261	3261	0	0		0	
3262	3262	0	0		0	
3263	3263	0	0		0	
3264	3264	0	0		0	
3265	3265	0	0		0	
3266	3266	0	0		0	
3267	3267	0	0		0	
3268	3268	0	0		0	
3269	3269	0	0		0	
3270	3270	0	0		0	
3271	3271	0	0		0	
3272	3272	0	0		0	
3273	3273	0	0		0	
3274	3274	0	0		0	
3275	3275	0	0		0	
3276	3276	0	0		0	
3277	3277	0	6.2		-0.132163776396409	
3278	3278	0	0.6		-0.820636540435986	
3279	3279	0	0.6		-3.13858149382563	
3280	3280	0	1		-3.57650784633612	
3281	3281	0	0		-3.59982712625263	
3282	3282	0	0		-2.32979957001645	
3283	3283	0	3.6		-0.988644766060009	
3284	3284	0	0		-1.05268313534462	
3285	3285	0	0	19.4444720496894	-1.97166021529613	21.4161322649856
3286	3286	1	0	16.1816714285714	-1.84766060208047	18.0293320306519
3287	3287	1	0	11.6691142857143	-1.66450970526828	13.3336239909826
3288	3288	1	0.6	5.53620714285713	-0.740273053593479	6.27648019645061
3289	3289	1	0.4	5.58770000000001	-0.0867053885635341	5.67440538856354
3290	3290	1	0.2	7.71565714285716	-0.351312743368498	8.06696988622566
3291	3291	1	0	5.75691428571427	-0.530623176029489	6.28753746174376
3292	3292	1	0	3.45911428571429	-0.581023995620778	4.04013828133507
3293	3293	1	0.2	4.08757142857141	-0.413103850112704	4.50067527868412
3294	3294	1	0	3.33955714285715	-0.199363771476334	3.53892091433348
3295	3295	1	0	2.30537142857143	-0.138725811773591	2.44409724034502
3296	3296	1	0	3.4858	-0.102647811226693	3.58844781122669
3297	3297	1	0	2.48559999999999	-0.0924727614037931	2.57807276140379
3298	3298	1	0	0.427142857142857	-0.0404157228175782	0.467558579960435
3299	3299	1	0	0	0	0
3300	3300	1	0.6	0	-0.0127900428770718	0.0127900428770718
3301	3301	1	0	0	-0.078178693312153	0.078178693312153
3302	3302	1	0	0	-0.294930266868039	0.294930266868039
3303	3303	1	0	0	-0.307943433680078	0.307943433680078
3304	3304	1	0	0	-0.277418284211379	0.277418284211379
3305	3305	1	0	0	-0.121247168452735	0.121247168452735
3306	3306	1	3.2	0	-0.0682135620110496	0.0682135620110496
3307	3307	1	0.2	0	-0.42121637862384	0.42121637862384
3308	3308	1	0	0	-1.59902098773359	1.59902098773359
3309	3309	1	0	0	-1.7406750685831	1.7406750685831
3310	3310	1	0	0	-1.58221199368738	1.58221199368738
3311	3311	1	0	0	-0.739124326485044	0.739124326485044
3312	3312	1	0	0	-0.0404157228175782	0.0404157228175782
3313	3313	1	0	0	0	0
3314	3314	1	2	0	-0.042633476256906	0.042633476256906
3315	3315	1	1.2	0	-0.286175730127987	0.286175730127987
3316	3316	1	5.2	0	-1.25030531445239	1.25030531445239
3317	3317	1	0.2	0	-2.29815066900069	2.29815066900069
3318	3318	1	0.2	0	-4.1269997063175	4.1269997063175
3319	3319	1	1.4	0	-3.78204997526579	3.78204997526579
3320	3320	1	0.8	0	-3.04721437515125	3.04721437515125
3321	3321	1	1	0	-2.0596549844576	2.0596549844576
3322	3322	1	1.6	0	-1.40906812182472	1.40906812182472
3323	3323	1	1.4	0	-1.82818669120988	1.82818669120988
3324	3324	1	0.2	0.1197	-2.13920117180717	2.25890117180717
3325	3325	1	8.2	0.3696	-2.33423662788561	2.70383662788561
3326	3326	1	0	0	-2.82714761479386	2.82714761479386
3327	3327	1	0.4	0	-5.11252326604179	5.11252326604179
3328	3328	1	0.2	0	-4.6403255579217	4.6403255579217
3329	3329	1	0.2	0	-4.0587420303482	4.0587420303482
3330	3330	1	0	0	-1.98670991136749	1.98670991136749
3331	3331	1	0	0.568192857142859	-0.385903422990292	0.954096280133151
3332	3332	1	0	0.646564285714286	-0.275952018265642	0.922516303979928
3333	3333	1	8	0	-0.303422389248995	0.303422389248995
3334	3334	1	1.6	0.1482	-1.11690508131848	1.26510508131848
3335	3335	1	0.2	0.176142857142857	-4.14514342136529	4.32128627850814
3336	3336	1	0.2	0.0542142857142857	-4.92271607277889	4.97693035849318
3337	3337	1	0.2	0.00377142857142857	-4.64872594698436	4.65249737555579
3338	3338	1	0	0	-2.58342846855356	2.58342846855356
3339	3339	1	0.2	0	-0.621019791752815	0.621019791752815
3340	3340	1	0.4	0	-0.27012255513683	0.27012255513683
3341	3341	1	0.2	0	-0.287581049677844	0.287581049677844
3342	3342	0	0		-0.365743276393681	
3343	3343	0	0		-0.396078472813192	
3344	3344	0	0		-0.328009056851857	
3345	3345	0	0		-0.173304207038949	
3346	3346	0	0		-0.0404157228175782	
3347	3347	0	0		0	
3348	3348	0	4.2		-0.0895303001395025	
3349	3349	0	3.2		-0.61546441519612	
3350	3350	0	0.2		-2.48572824670011	
3351	3351	0	0		-3.75462502349414	
3352	3352	0	4		-3.76787001057657	
3353	3353	0	0.2		-2.9563968092299	
3354	3354	0	0		-2.73138567004269	
3355	3355	0	0		-2.19168203630745	
3356	3356	0	0		-1.95210303930256	
3357	3357	0	0		-0.900787217755356	
3358	3358	0	2		-0.0830491990744841	
3359	3359	0	1.4		-0.290439077753677	
3360	3360	0	0		-1.16551784062182	
3361	3361	0	0.2		-1.71891208258471	
3362	3362	0	0		-1.66932185706217	
3363	3363	0	0		-1.14977664695835	
3364	3364	0	0		-0.38555787094974	
3365	3365	0	0		-0.0924727614037931	
3366	3366	0	0		-0.0404157228175782	
3367	3367	0	0		0	
3368	3368	0	0		0	
3369	3369	0	0		0	
3370	3370	0	0		0	
3371	3371	0	0		0	
3372	3372	0	0		0	
3373	3373	0	0		0	
3374	3374	0	0		0	
3375	3375	0	0		0	
3376	3376	0	0		0	
3377	3377	0	0		0	
3378	3378	0	0		0	
3379	3379	0	0		0	
3380	3380	0	0		0	
3381	3381	0	0		0	
3382	3382	0	0		0	
3383	3383	0	0		0	
3384	3384	0	0		0	
3385	3385	0	0		0	
3386	3386	0	0		0	
3387	3387	0	0		0	
3388	3388	0	0		0	
3389	3389	0	0		0	
3390	3390	0	0		0	
3391	3391	0	0		0	
3392	3392	0	0		0	
3393	3393	0	0		0	
3394	3394	0	0		0	
3395	3395	0	0		0	
3396	3396	0	0		0	
3397	3397	0	0		0	
3398	3398	0	0		0	
3399	3399	0	0		0	
3400	3400	0	0		0	
3401	3401	0	0		0	
3402	3402	0	0		0	
3403	3403	0	0		0	
3404	3404	0	0		0	
3405	3405	0	0		0	
3406	3406	0	0		0	
3407	3407	0	0		0	
3408	3408	0	0		0	
3409	3409	0	0		0	
3410	3410	0	0		0	
3411	3411	0	0		0	
3412	3412	0	0		0	
3413	3413	0	0		0	
3414	3414	0	0		0	
3415	3415	0	0		0	
3416	3416	0	0		0	
3417	3417	0	0		0	
3418	3418	0	0		0	
3419	3419	0	0		0	
3420	3420	0	0		0	
3421	3421	0	0		0	
3422	3422	0	0		0	
3423	3423	0	0		0	
3424	3424	0	0		0	
3425	3425	0	0		0	
3426	3426	0	0		0	
3427	3427	0	0		0	
3428	3428	0	0		0	
3429	3429	0	0		0	
3430	3430	0	0		0	
3431	3431	0	0		0	
3432	3432	0	0		0	
3433	3433	0	0		0	
3434	3434	0	0		0	
3435	3435	0	0		0	
3436	3436	0	0		0	
3437	3437	0	0		0	
3438	3438	0	0		0	
3439	3439	0	0		0	
3440	3440	0	0		0	
3441	3441	0	0		0	
3442	3442	0	0		0	
3443	3443	0	0		0	
3444	3444	0	0		0	
3445	3445	0	0		0	
3446	3446	0	0		0	
3447	3447	0	0		0	
3448	3448	0	0		0	
3449	3449	0	0		0	
3450	3450	0	0		0	
3451	3451	0	0		0	
3452	3452	0	0		0	
3453	3453	0	0		0	
3454	3454	0	0		0	
3455	3455	0	0		0	
3456	3456	0	0		0	
3457	3457	0	0		0	
3458	3458	0	0		0	
3459	3459	0	0		0	
3460	3460	0	0		0	
3461	3461	0	0		0	
3462	3462	0	0		0	
3463	3463	0	0		0	
3464	3464	0	0		0	
3465	3465	0	0		0	
3466	3466	0	0		0	
3467	3467	0	0		0	
3468	3468	0	0		0	
3469	3469	0	0		0	
3470	3470	0	0		0	
3471	3471	0	0		0	
3472	3472	0	0		0	
3473	3473	0	0		0	
3474	3474	0	0		0	
3475	3475	0	0		0	
3476	3476	0	0		0	
3477	3477	0	0		0	
3478	3478	0	0		0	
3479	3479	0	0		0	
3480	3480	0	0		0	
3481	3481	0	0		0	
3482	3482	0	0		0	
3483	3483	0	0		0	
3484	3484	0	0		0	
3485	3485	0	0		0	
3486	3486	0	0		0	
3487	3487	0	0		0	
3488	3488	0	0		0	
3489	3489	0	0		0	
3490	3490	0	0		0	
3491	3491	0	0		0	
3492	3492	0	0		0	
3493	3493	0	0		0	
3494	3494	0	0		0	
3495	3495	0	0		0	
3496	3496	0	0		0	
3497	3497	0	0		0	
3498	3498	0	0		0	
3499	3499	0	0		0	
3500	3500	0	0		0	
3501	3501	0	0		0	
3502	3502	0	0		0	
3503	3503	0	0		0	
3504	3504	0	0		0	
3505	3505	0	0		0	
3506	3506	0	0		0	
3507	3507	0	0		0	
3508	3508	0	0		0	
3509	3509	0	0		0	
3510	3510	0	0		0	
3511	3511	0	0		0	
3512	3512	0	0		0	
3513	3513	0	0		0	
3514	3514	0	0		0	
3515	3515	0	0		0	
3516	3516	0	0		0	
3517	3517	0	0		0	
3518	3518	0	0		0	
3519	3519	0	0		0	
3520	3520	0	0		0	
3521	3521	0	0		0	
3522	3522	0	0		0	
3523	3523	0	0		0	
3524	3524	0	0		0	
3525	3525	0	0		0	
3526	3526	0	0		0	
3527	3527	0	0		0	
3528	3528	0	0		0	
3529	3529	0	0		0	
3530	3530	0	0		0	
3531	3531	0	0		0	
3532	3532	0	0		0	
3533	3533	0	0		0	
3534	3534	0	0		0	
3535	3535	0	0		0	
3536	3536	0	0		0	
3537	3537	0	0		0	
3538	3538	0	0		0	
3539	3539	0	0		0	
3540	3540	0	0		0	
3541	3541	0	0		0	
3542	3542	0	0		0	
3543	3543	0	0		0	
3544	3544	0	0		0	
3545	3545	0	0		0	
3546	3546	0	0		0	
3547	3547	0	0		0	
3548	3548	0	0		0	
3549	3549	0	0		0	
3550	3550	0	0		0	
3551	3551	0	0		0	
3552	3552	0	0		0	
3553	3553	0	0		0	
3554	3554	0	0		0	
3555	3555	0	0		0	
3556	3556	0	0		0	
3557	3557	0	0		0	
3558	3558	0	0		0	
3559	3559	0	0		0	
3560	3560	0	0		0	
3561	3561	0	0		0	
3562	3562	0	0		0	
3563	3563	0	0		0	
3564	3564	0	0		0	
3565	3565	0	0		0	
3566	3566	0	0		0	
3567	3567	0	0		0	
3568	3568	0	0		0	
3569	3569	0	0		0	
3570	3570	0	0		0	
3571	3571	0	0		0	
3572	3572	0	0		0	
3573	3573	0	0		0	
3574	3574	0	0		0	
3575	3575	0	0		0	
3576	3576	0	0		0	
3577	3577	0	0		0	
3578	3578	0	0		0	
3579	3579	0	0		0	
3580	3580	0	0		0	
3581	3581	0	0		0	
3582	3582	0	0		0	
3583	3583	0	0		0	
3584	3584	0	0		0	
3585	3585	0	0		0	
3586	3586	0	0		0	
3587	3587	0	0		0	
3588	3588	0	0		0	
3589	3589	0	0		0	
3590	3590	0	0		0	
3591	3591	0	0		0	
3592	3592	0	0		0	
3593	3593	0	0		0	
3594	3594	0	0		0	
3595	3595	0	0		0	
3596	3596	0	0		0	
3597	3597	0	0		0	
3598	3598	0	0		0	
3599	3599	0	0		0	
3600	3600	0	0		0	
3601	3601	0	0		0	
3602	3602	0	0		0	
3603	3603	0	0		0	
3604	3604	0	0		0	
3605	3605	0	0		0	
3606	3606	0	0		0	
3607	3607	0	0		0	
3608	3608	0	0		0	
3609	3609	0	0		0	
3610	3610	0	0		0	
3611	3611	0	0		0	
3612	3612	0	0		0	
3613	3613	0	0		0	
3614	3614	0	0		0	
3615	3615	0	0		0	
3616	3616	0	0		0	
3617	3617	0	0		0	
3618	3618	0	0		0	
3619	3619	0	0		0	
3620	3620	0	0		0	
3621	3621	0	0		0	
3622	3622	0	0		0	
3623	3623	0	0		0	
3624	3624	0	0		0	
3625	3625	0	0		0	
3626	3626	0	0		0	
3627	3627	0	0		0	
3628	3628	0	0.2		-0.0042633476256906	
3629	3629	0	0.2		-0.0303229120630749	
3630	3630	0	0		-0.124369653393397	
3631	3631	0	0		-0.200957900182706	
3632	3632	0	0		-0.195120572630486	
3633	3633	0	0		-0.132888484221371	
3634	3634	0	0		-0.0404157228175782	
3635	3635	0	0		0	
3636	3636	0	0		0	
3637	3637	0	0		0	
3638	3638	0	0		0	
3639	3639	0	0		0	
3640	3640	0	0		0	
3641	3641	0	0		0	
3642	3642	0	0		0	
3643	3643	0	0		0	
3644	3644	0	0		0	
3645	3645	0	0		0	
3646	3646	0	0		0	
3647	3647	0	0		0	
3648	3648	0	0		0	
3649	3649	0	0		0	
3650	3650	0	0		0	
3651	3651	0	0		0	
3652	3652	0	0		0	
3653	3653	0	0.4		-0.0085266952513812	
3654	3654	0	0.2		-0.0563824765004592	
3655	3655	0	0		-0.22267974234941	
3656	3656	0	0		-0.303605711409399	
3657	3657	0	0		-0.287593334034279	
3658	3658	0	0		-0.173304207038949	
3659	3659	0	0		-0.0404157228175782	
3660	3660	0	0	0.0195490285714286	0	0.0195490285714286
3661	3661	1	0	0.36081	0	0.36081
3662	3662	1	1	2.17811428571429	-0.021316738128453	2.19943102384274
3663	3663	1	0.2	6.319125	-0.134561169812612	6.45368616981261
3664	3664	1	0.2	4.19911428571429	-0.52187335684314	4.72098764255743
3665	3665	1	0.6	1.53942285714286	-0.650398752403933	2.18982160954679
3666	3666	1	0	1.41557142857143	-0.741500400513825	2.15707182908525
3667	3667	1	0	15.4538314285714	-0.692129453586416	16.1459608821578
3668	3668	1	0	10.87758	-0.44083191790145	11.3184119179014
3669	3669	1	0	9.60644285714284	-0.317834007028958	9.9242768641718
3670	3670	1	0	11.286	-0.121247168452735	11.4072471684527
3671	3671	1	0	10.4607435714286	0	10.4607435714286
3672	3672	1	0	12.8124692857143	0	12.8124692857143
3673	3673	1	0	10.2637342857143	0	10.2637342857143
3674	3674	1	0.4	3.384945	-0.0085266952513812	3.39347169525138
3675	3675	1	0.8	2.7729	-0.069172519377531	2.84207251937753
3676	3676	1	0.2	1.58049	-0.305121783287254	1.88561178328725
3677	3677	1	0	0.269765714285713	-0.624595542714822	0.894361257000535
3678	3678	1	0	0.230657142857143	-0.693846856670371	0.924503999527514
3679	3679	1	0	0.0574671428571428	-0.553370302477022	0.610837445334165
3680	3680	1	0.2	0.0409314285714286	-0.258399000299796	0.299330428871225
3681	3681	1	0.2	0.0298571428571428	-0.0707386348806531	0.100595777737796
3682	3682	1	1.4	0	-0.154213086773232	0.154213086773232
3683	3683	1	0	0	-0.383374851244396	0.383374851244396
3684	3684	1	0	0	-0.883291195322577	0.883291195322577
3685	3685	1	0	0	-0.851423162808221	0.851423162808221
3686	3686	1	0	0	-0.68772505264413	0.68772505264413
3687	3687	1	0	0	-0.282910059723047	0.282910059723047
3688	3688	1	0.2	0	-0.0042633476256906	0.0042633476256906
3689	3689	1	2	0	-0.0686930406942903	0.0686930406942903
3690	3690	1	0	0	-0.358905733329856	0.358905733329856
3691	3691	1	0.6	0	-1.09853874366389	1.09853874366389
3692	3692	1	3.4	0	-1.26960647661961	1.26960647661961
3693	3693	1	0	0	-1.70308619915908	1.70308619915908
3694	3694	1	0.2	0	-2.38763552173377	2.38763552173377
3695	3695	1	0	0	-2.04849063950254	2.04849063950254
3696	3696	1	1.4	0	-1.82143763465307	1.82143763465307
3697	3697	1	0.2	0	-0.976395397812902	0.976395397812902
3698	3698	1	0.2	0	-0.810966296158959	0.810966296158959
3699	3699	1	0.2	0	-0.887583402423516	0.887583402423516
3700	3700	1	0	0	-0.874326794446642	0.874326794446642
3701	3701	1	0	0	-0.576340721309546	0.576340721309546
3702	3702	1	0.2	0	-0.239799643073755	0.239799643073755
3703	3703	1	0	0	-0.158948048658756	0.158948048658756
3704	3704	1	0	0	-0.138725811773591	0.138725811773591
3705	3705	1	0	0	-0.102647811226693	0.102647811226693
3706	3706	1	0.2	0	-0.0967361090294838	0.0967361090294838
3707	3707	1	1	0	-0.0877920253834155	0.0877920253834155
