lagtime	RRD_p|all	se_p|all
1	-0.00538541818114177	0.00209092512206625
3	-0.00335568705718722	0.00122859726964956
6	-0.00432137791448454	0.00146448726710235
9	-0.00697980596619979	0.00164985249613483
12	-0.00713238555009786	0.00179847696093948
15	-0.00883814882146355	0.00191571068968556
18	-0.00826910764669499	0.00200109441243994
21	-0.00605565227899051	0.00204086174914893
24	-0.00433973691220304	0.00203748044076895
27	-0.00483020749685669	0.00203070130894308
30	-0.000498478565532866	0.00202254647327238
33	0.000226952447653472	0.0020093681210479
36	0.000224722197090392	0.00199408889945682
39	0.00228916128642083	0.00198765515519792
42	0.000579921748524091	0.00198373596897392
45	-0.000972847374776657	0.00198263806690706
48	0.00113882710914612	0.00197256617750462
51	0.000954175400307105	0.0019688722606893
54	-0.000265093354525032	0.001962453782448
57	0.000731158063742078	0.00194682428516324
60	0.00112380530455648	0.00193328836623326
63	0.000278349817651697	0.00191978473305233
66	-3.25144642946916e-05	0.00190916580649943
69	0.000755454957365801	0.0019073767598426
72	-0.00111616584089954	0.00190605004724386
75	-0.00174561859345534	0.00190072896568097
78	-0.000571640169095937	0.00189730032072274
81	-0.000828349348577872	0.00188918103515884
84	-0.00113495692850576	0.00187596555822469
87	-0.00133692433372303	0.0018559394859942
90	-0.00101508330039953	0.00184167926287143
93	-0.000359050003469904	0.00183791190425276
96	-0.00117602922210968	0.0018341619490162
99	-0.000489791222910157	0.00182959781986909
102	-0.000969861479972295	0.0018257842827378
105	0.000100930794245103	0.00181633892994299
108	0.00141113678085708	0.00181130167824402
111	0.00165887521159328	0.00180788057670408
114	0.0011189387764233	0.00179743030421711
117	-0.000834236680789524	0.00178702227158705
120	0.000329205433958322	0.00174490189844397
