lagtime	RRD_|all	RRD_dw|all	se_|all	se_dw|all
0.666666666666667	0.00318220216368402	0.00220024575182564	0.0023333033129633	0.002525905287048
2	0.00518597002393731	0.00682184292089609	0.00152232548969871	0.00126827420069548
4	0.00866553918323812	0.00213034631442529	0.00178390595484503	0.0012677363406513
6	0.0113117248231432	0.0039753240087123	0.00198659883858127	0.00126626301665641
8	0.00934904336039444	0.0038823011284092	0.00213706374525031	0.00126293937935169
10	0.00656963718908001	0.00202451296363979	0.00222036540458014	0.00123172487688468
12	0.00389339562919533	0.000960784286136562	0.00225823742142507	0.00120685641365536
14	0.00270591956069336	-0.000599816213889933	0.00225971874139883	0.00120899876606897
16	0.00215044137220924	0.00015769880818222	0.0022460310237559	0.0011988566862883
18	0.000711016357733707	-0.000706306983822359	0.00223318249502463	0.00118831516588634
20	0.000188833252805858	-0.000637671221259627	0.00221350060612031	0.00119192904137618
