lagtime	NRF_p<0.2|all	NRF_p=0.2-0.406667|all	NRF_p=0.406667-0.61|all	NRF_p=0.61-0.83|all	NRF_p>0.83|all	se_p<0.2|all	se_p=0.2-0.406667|all	se_p=0.406667-0.61|all	se_p=0.61-0.83|all	se_p>0.83|all
3.33333333333333	0.000321022311791236	0.000916475937147208	0.000788349019044507	0.000989852060126196	0.00287067870024334	0.000124917112692606	0.000193400829947767	0.000254093232796609	0.000280514434313772	0.000405113724548734
10	0.000460235121109922	0.00184757191190844	0.00302062136325044	0.00468141352622821	0.00814346876130225	8.94592330530009e-05	0.000139643455446031	0.0001903098765069	0.000211437607134119	0.0003096251170373
20	0.000498719100564163	0.00218697492813306	0.00413149016975214	0.00655497270282171	0.00957301569646456	0.000101676126247318	0.000163106313108497	0.000226980040418117	0.000252871613079226	0.000370438610043709
30	0.000448030550488904	0.00201587322205203	0.00395849935252503	0.00601277087338624	0.00809551759390437	0.000108032182626974	0.000175895666282883	0.000249457050328395	0.000276082273984378	0.000404674130200718
40	0.000452267141786754	0.00178574999160032	0.00332479174873385	0.00485049154621786	0.00679350157005087	0.000112114275517385	0.000182453142127756	0.000263236732356617	0.000287069561390479	0.000427145280937124
50	0.000413942757481339	0.00152839722512924	0.00265951326611548	0.0037702153305775	0.00555411637836535	0.000114799611544713	0.000185913259492134	0.000269901028680844	0.000292887782787122	0.000443439816936636
60	0.000354651604561236	0.00143828371317787	0.00244068414711218	0.00317229599854375	0.00420339732439612	0.000116334079441712	0.000187513797875031	0.000272989529854987	0.000297232806998337	0.000451213302138458
70	0.000266978553944611	0.00119466591507504	0.00208737095706664	0.00261346480930923	0.00314324263970557	0.00011713204144416	0.000188390489830752	0.000275283182205495	0.000301028535389945	0.000453163566531754
80	0.000268990943373198	0.00116128142964771	0.00189737340347337	0.00231241744381596	0.00273927052932443	0.000117377924233842	0.000188569462802999	0.000276087868245746	0.000301720424531868	0.000450311882070512
90	0.000186963117847615	0.00116607055030075	0.00179643130881112	0.00187009824920591	0.00221172075766096	0.000116925124017801	0.000189353637614392	0.000276809282404889	0.000299993028743372	0.000447906897516651
100	0.000152435405522909	0.000995644113481202	0.00143931078594933	0.00159901276215526	0.00198996164897589	0.0001165222083378	0.000189929277344184	0.000275770830308052	0.000297809821530522	0.000445935731882815
110	0.000199125281270686	0.000752869813160842	0.00114850973412108	0.00151037822229739	0.00197723100613516	0.000116200913187898	0.000189591673654831	0.000273414334340509	0.000296086205475015	0.000443838629001444
120	0.000242199638700613	0.000540692709817488	0.00076434705918577	0.00127992579998524	0.00194050328982649	0.000115833126528348	0.000188513406149341	0.000270547626474973	0.000295485661631066	0.000442892129198657
