lagtime	wtd_avg_SRF_p|all	se_p|all
0.333333333333333	0.00131029083350585	0.000720955254105418
1	0.000924588910422466	0.0006709462778879
2	0.00163721941716402	0.000965736271281862
3	0.00243247976502624	0.00123685995117581
4	0.00351343495884192	0.00148831491087874
5	0.00496376226860275	0.0017208514376413
6	0.0067208570093439	0.0019376789644691
7	0.00822925929747712	0.00214130218735918
8	0.00933035746310333	0.00233525311997868
9	0.0105029585126918	0.00252049713463935
10	0.01146924519844	0.00269634361588641
11	0.0120794022819158	0.00286420120017087
12	0.0126928894751794	0.00302396076920358
13	0.0130503756349359	0.00317592231907016
14	0.0132550152984435	0.00331947972502297
15	0.0131917520868095	0.00345570117520092
16	0.0131945310521639	0.00358474214480623
17	0.0131122044410086	0.00370657162781612
18	0.0130958336465304	0.0038210102829604
19	0.0130864598106795	0.00392655877470888
20	0.0129522354154118	0.00402432532440887
21	0.0127658883822311	0.00411411221037311
22	0.0126831036173599	0.00419747609816875
23	0.0127452939026921	0.00427465103792907
24	0.0127642494142118	0.00434606460156496
25	0.0126974105007685	0.00441247865674247
26	0.0125874719907285	0.00447591919714554
27	0.0124811807529651	0.00453821826063761
28	0.0123152691201946	0.0046000751859858
29	0.0123479536826999	0.00466166568895208
30	0.0123846212843226	0.00472308503272472
31	0.01221329640095	0.00478531453644317
32	0.0120673285637734	0.00484652782475167
33	0.0119021666876426	0.00490622581267785
34	0.0118066002385308	0.00496554935282468
35	0.0117261767143877	0.00502373092423588
36	0.0115238648229973	0.00507987541120839
37	0.0112302561884422	0.00513453084034657
38	0.0111069997980747	0.00518836285794309
39	0.010825610883719	0.00523957335451049
40	0.0105018026722427	0.00528769454872022
41	0.010346181022852	0.00533256235595882
42	0.0102119153155581	0.00537452832524504
43	0.0101398431998542	0.0054134592406542
44	0.0100767241147068	0.00545080650323432
45	0.00988679920470748	0.00548569512282971
46	0.00959825122983643	0.00551842591474252
47	0.00940896563153129	0.00554957842276075
48	0.00920884978787923	0.00557946818243339
49	0.00900870560224807	0.00560812331404689
50	0.00895805092216055	0.00563610029553932
51	0.00880146959047215	0.00566373156308768
52	0.00870287674629661	0.0056912297534488
53	0.00863936688598477	0.00571869095949187
54	0.00854136117268318	0.00574657689862182
55	0.00844036973029266	0.00577530731736472
56	0.00834947212903631	0.00580435186651593
57	0.00825074196756715	0.005833490410783
58	0.00804884559798092	0.00586152457951911
59	0.00792436848691454	0.00588999770768127
60	0.00799751999756901	0.00591736146220503
61	0.00783740696696738	0.00594236512339673
62	0.00763959178898936	0.00596523765683716
63	0.0074951191264397	0.00598588837244023
64	0.00723572775582607	0.00600474591444487
65	0.00706860025415726	0.00602228487656437
66	0.00669748115748123	0.00603847434071955
67	0.00661649565925266	0.00605438074512517
68	0.0064569606886647	0.00606937026978731
69	0.00641050084230879	0.00608402571131321
70	0.00634745622499226	0.00609764495227384
71	0.00625424338477084	0.00611066061862103
72	0.00623191864274529	0.00612352464973026
73	0.00600586841118397	0.0061363192102176
74	0.00620347222465526	0.00614887401246361
75	0.00615936021741922	0.0061617702638455
76	0.00607074697595953	0.00617513291343921
77	0.00608778253199597	0.00618901892079225
78	0.00598968370706388	0.00620452083746604
79	0.00598406423434775	0.00622075519424631
80	0.0058683132682725	0.00623739399246213
81	0.00591646743076309	0.00625424213415751
82	0.00576174614413014	0.00627074104779151
83	0.00570291284903146	0.00628620205027608
84	0.00564003454637667	0.00630064896152905
85	0.00554006044958901	0.0063131141160387
86	0.00541556180615303	0.00632558409826531
87	0.00531816475919523	0.0063379044153144
88	0.0051874341845747	0.00635075513880424
89	0.00502012165923165	0.00636382049736287
90	0.00492935038500413	0.00637585704751814
91	0.00473772447695938	0.00638710181451763
92	0.00467870856340805	0.00639686768832896
93	0.00449753603671751	0.00640567345901787
94	0.00454790309110241	0.00641323818089483
95	0.00475269846922434	0.00641973936341196
96	0.0047768121820034	0.00642652801919775
97	0.00471494233327212	0.00643334560511822
98	0.00475112925319869	0.00644080458708306
99	0.00468331482802333	0.00644819733388823
100	0.00462575939718448	0.00645549875351987
