lagtime	NRF_p<0.649935|all	NRF_p=0.649935-1.3332|all	NRF_p=1.3332-2.09979|all	NRF_p=2.09979-2.89971|all	se_p<0.649935|all	se_p=0.649935-1.3332|all	se_p=1.3332-2.09979|all	se_p=2.09979-2.89971|all
0.333333333333333	0.000468571125954532	0.000794461135218246	0.00105539600668509	0.00173976045755741	0.000119859649065966	0.000252675924584835	0.000456106688430756	0.000679003396096476
1	0.000362236978760945	0.0005499542293648	0.000578652275006947	0.00108190616564896	9.65338135944083e-05	0.000221576553777358	0.000423675753022566	0.000645906826885762
2	0.000470618617861959	0.00112248008616695	0.0014246866228948	0.00185264837496987	0.000127417124589379	0.000307014745663903	0.000604993380347218	0.000932821588304555
3	0.00070179799836537	0.00193666231730775	0.00247294244099592	0.00268026126555512	0.000152567389681727	0.000381966638700785	0.000770327132583957	0.00119769739238217
4	0.000929992454581869	0.00307204157790322	0.00408798582242059	0.00379916632857434	0.000174294073306042	0.000450814808231228	0.000924531363216043	0.00144482198847993
5	0.00114739198950396	0.00394544797489601	0.00547756566402938	0.00525607266937798	0.000192583654996097	0.000513012298674533	0.00106623645664725	0.00167270991702187
6	0.00135851431550238	0.00502671396549248	0.00735930335395595	0.00811394207642139	0.000208739310279106	0.000569467041144002	0.0011966938029463	0.00188457343657052
7	0.00144278432103937	0.00599780382743483	0.00936639318736051	0.0107218727971119	0.000223411927549123	0.000621692815767884	0.00131855912706243	0.00208409089498072
8	0.00147271751224887	0.00670647140650527	0.0109301679129384	0.0125499349470428	0.000236697947196084	0.000670925808024856	0.00143344048141829	0.00227330426832064
9	0.00167255082280013	0.00768991295556039	0.0128256149969776	0.0146771643340331	0.000248741699326875	0.000717551382369956	0.00154318499474888	0.00245559889100708
10	0.00181831058157286	0.00853600719274087	0.0145611088517317	0.0164323202215261	0.00025963897507218	0.00076178622483556	0.00164863288774791	0.00263151209289101
11	0.00192984046907913	0.00893758653710266	0.0157924010717147	0.0180651067585303	0.000269846322464344	0.000804712148743667	0.00175107305343116	0.00280196486214268
12	0.00196356701355696	0.00940196049104422	0.0173205120913307	0.019824887821817	0.00027935494975383	0.000845638904244865	0.00184907251773172	0.00296484850835671
13	0.0020948554920273	0.00976924857601916	0.0183222082431021	0.0207951904597485	0.000288068155148787	0.000884476467901401	0.00194369397832179	0.0031221150100719
14	0.00210836693851269	0.00996060479999902	0.0190894798201596	0.0215290434989494	0.000296119347776918	0.000920108563325601	0.00203195577299723	0.00326959465218279
15	0.00214824679859528	0.00993894914744191	0.0193385542843543	0.0217510928611845	0.000303552471321204	0.000952451864068432	0.00211350955316102	0.00340678963578321
16	0.00218237796480911	0.0100497473169975	0.0196500811454257	0.0220194070480789	0.000310484488446704	0.000982020913335228	0.00218923425772648	0.00353512922408443
17	0.00217442420142135	0.010029987661047	0.0197266586626613	0.0218555404343705	0.000316788414559228	0.00100884305420421	0.00225950140604198	0.00365537485664915
18	0.00233569456881307	0.0100605019201382	0.0197530667692307	0.0218203820653954	0.000322182234122889	0.00103333235315294	0.00232600857430501	0.00376988931733693
19	0.00248196030252822	0.0100044395182655	0.0196785305684272	0.0217878002557596	0.000326771363803213	0.00105442586544071	0.00238618298542158	0.0038753736824067
20	0.00247378731884455	0.00976165022055137	0.0194846681162348	0.0217700256094848	0.000331027547272982	0.00107291209376414	0.00244161742689425	0.00397391944983379
21	0.0024556653787909	0.00951888688993589	0.0192016666780006	0.0217641581394409	0.000334940884450604	0.00108970344281794	0.00249341446667904	0.00406670885229113
22	0.00247713635117893	0.00928706498611638	0.0188201922329286	0.0218273194656988	0.000338650444965806	0.00110548849842898	0.00254238704658715	0.00415450460046722
23	0.00261283370432342	0.00913619565479096	0.0185685776982932	0.0223272872173324	0.000342334444180151	0.00112053520482028	0.0025886742362137	0.00423737306957716
24	0.00270339159837847	0.00904063702636594	0.0183887680651862	0.0226291879475255	0.000346013777621518	0.0011350937246347	0.00263259761171176	0.00431544401394478
25	0.00269137965478954	0.00889692342572323	0.0181161503609885	0.022819715787888	0.000349917206976804	0.0011497496893291	0.00267485101661718	0.004389463146134
26	0.00271169285007144	0.00883869662144654	0.0177073243971228	0.0227913237090345	0.000353940426058759	0.00116398821807619	0.00271501510885607	0.00445968088455218
27	0.00281256789475167	0.00861200604479731	0.0174053058493903	0.0229401892386139	0.000357792600989527	0.00117800367471194	0.00275346319360847	0.00452663246045045
28	0.00273494674551067	0.00833878349047061	0.0171795171913145	0.0231352040573044	0.000361682668042849	0.00119188501401649	0.00279048331774915	0.0045909779964711
29	0.00272632876505721	0.00828917013992144	0.0171027483881135	0.0232159441049139	0.000365560740744673	0.0012060148837501	0.00282672793375515	0.00465333385182799
30	0.00276192826996721	0.00843463008157128	0.0170871414907563	0.0232436411536499	0.000369315927826272	0.00122009203664635	0.00286213569849259	0.00471423860270481
31	0.00275206630528249	0.00817499032693029	0.0167254597930384	0.0230572379263276	0.000373197536040028	0.00123465506157566	0.00289768357404435	0.00477497840050254
32	0.00273256151620693	0.00788958355924583	0.0164177441693972	0.0229882964444021	0.000376831101025067	0.0012490358790419	0.00293309004290196	0.00483537993379774
33	0.00267029125280918	0.00761183176199629	0.0163618744477357	0.0228005763503683	0.000380087404228187	0.00126282934925365	0.00296750751889523	0.00489413850473187
34	0.00266877114409192	0.00743244211151097	0.0165057690467387	0.0228347703291854	0.00038307058300815	0.00127611806744634	0.00300152726913859	0.0049522627290296
35	0.0027298232367729	0.00737326969163669	0.0167621722943457	0.0226912214656521	0.000385867739888882	0.0012890462575125	0.00303513451715712	0.00500939563441284
36	0.00268754342328884	0.00716417865036785	0.0165534834441519	0.0220214573403668	0.000388525466043378	0.00130179669776326	0.00306896402772934	0.00506701418598434
37	0.00258426331345933	0.00683017526509556	0.0161874415275708	0.0214959420688119	0.000391147485901073	0.00131477354569255	0.00310374518928252	0.00512595853214554
38	0.00249642806725795	0.00657486174383526	0.0159664346741753	0.0210321813481157	0.000393791133795057	0.00132726658926694	0.00313808948815459	0.0051845335457126
39	0.00226942478259026	0.00617561491906738	0.0157043747528831	0.0205543779386573	0.000396215232832525	0.00133824229660744	0.00317041145191184	0.00524047985823905
40	0.00209524417989746	0.00592587943355769	0.0153732290109939	0.0199107336558773	0.000398557298185158	0.00134810423343598	0.00320066613490474	0.00529328559842701
41	0.00202534685472832	0.00574217457805112	0.015097438337053	0.0195614663113258	0.000400244276406192	0.00135658894854796	0.00322795649074704	0.0053412729268596
42	0.00197760868375193	0.0055824407699703	0.014851455057256	0.0192065552170354	0.000401755409487276	0.00136428286996257	0.00325300647959303	0.0053854600345228
43	0.00189272611464716	0.0054524914450933	0.0146393550379236	0.0189325468396179	0.000403075285504031	0.00137129949283723	0.00327607762075035	0.00542656465164171
44	0.00181731144937124	0.00549422316744679	0.0144498490121809	0.0186051525030586	0.000404284756378783	0.00137800474182004	0.00329779238185371	0.00546522551849466
45	0.0017278487730579	0.00532285514848549	0.0140471343174421	0.0182076730765419	0.00040546476872763	0.00138459177574208	0.00331839546837597	0.00550156977444183
46	0.00151888818128642	0.00512157629892344	0.0137950360181322	0.0177990348548753	0.000406607620196955	0.00139093992301365	0.0033377613037789	0.00553543677012967
47	0.0014281285844313	0.0051026176329666	0.0136757073655096	0.0172738605756466	0.000407722513231334	0.00139711498782937	0.00335612713521409	0.00556742431731819
48	0.00136254117433482	0.00501813769862461	0.0135102397296118	0.0170494579868281	0.000409050088120324	0.00140360335840342	0.00337426327099845	0.00559822866122913
49	0.00124695362392671	0.00484180044688365	0.0134847568400568	0.0169335351912955	0.000410460285304946	0.00141020170855229	0.00339232997110064	0.00562846063423588
50	0.00120167708901533	0.00492853437327785	0.0137553314307398	0.0169781331169344	0.000412121305408687	0.00141701219067042	0.0034100563320763	0.0056575614765607
51	0.00109712832351223	0.00485206441792328	0.0138199308602549	0.0166939003805156	0.000414045288071393	0.00142463306608863	0.00342827138634796	0.00568636117890942
52	0.00104788374400174	0.0049230746713678	0.0139441073775175	0.0165203712883747	0.000416107688620382	0.00143246523851575	0.0034461749977845	0.00571414739623434
53	0.00101655033223307	0.00492048917690685	0.0140370600728214	0.0165618895515133	0.00041827204319808	0.00144070545654597	0.00346448605746796	0.00574183755217376
54	0.00088774198915356	0.0048129859703557	0.0140311002130642	0.0164460564777286	0.000420458221450334	0.00144929928617262	0.00348304592241649	0.00576982406535841
55	0.000874204503994536	0.00486115005441427	0.0139703437979184	0.0161571342857975	0.000422475474508755	0.00145777548500778	0.00350134365848967	0.00579767649276889
56	0.00086484545970094	0.00490867309663505	0.0140415894403002	0.0159303222671085	0.000424145252126736	0.00146588150687084	0.003519560527268	0.00582585548962816
57	0.000907082549625086	0.00498414459784607	0.0139832798250386	0.0155549468636185	0.000425724516466424	0.00147375491615491	0.00353755690849287	0.00585423561805829
58	0.000953755511202334	0.00493146975241539	0.0137691343328258	0.0151795879251391	0.000427136971449133	0.00148074224147146	0.00355423697445907	0.00588135061447625
59	0.000945946498098777	0.00496815780652756	0.0137947794430835	0.0150531414998695	0.00042839157711586	0.00148754269847384	0.0035707020152611	0.00590839817293624
60	0.000998429898473542	0.00513270289152219	0.0138847706781525	0.0149697246915322	0.000429598961638926	0.00149380703437194	0.00358585974382323	0.00593368379721401
61	0.00101430078037972	0.00513517323651404	0.0136819419868986	0.0146881899938937	0.000430623708596475	0.00149946902853583	0.00359982385373065	0.00595706416453018
62	0.00107010835607027	0.00518550715409274	0.0133819763897018	0.014266467258101	0.000431576701120263	0.00150463358714523	0.00361237369167235	0.00597777422612005
63	0.00107859778416939	0.00519190400005823	0.0131260994731295	0.0137964380652589	0.000432298745593164	0.00150874249526043	0.00362334936565859	0.00599664900304116
64	0.00106440332036319	0.00504224565934428	0.0127114331812988	0.0133173560811201	0.000432636570372445	0.00151190067628597	0.00363295779105402	0.00601402480471323
65	0.00104397613905629	0.00498469304339299	0.0124738964106985	0.0129796943491716	0.000432918080129349	0.00151506680435597	0.00364206132380262	0.00603049247931841
66	0.000996792316714572	0.0047581642436056	0.0120149741865416	0.012449658541474	0.000433251358574921	0.00151790406241588	0.00365022546861312	0.00604559878736121
67	0.00103211185117073	0.00469692254148914	0.0119273576788705	0.0123766992217496	0.000433557299015989	0.00152045403434959	0.003657892776226	0.00605982590561587
68	0.000973990200252748	0.00446986078994485	0.011704278538383	0.012185241142557	0.000433458053599442	0.00152237811352743	0.00366468196912931	0.00607283154064251
69	0.000948611055479426	0.00449197284496763	0.0116089009953287	0.0120110162571878	0.000433376756263154	0.00152421930299766	0.00367167109563807	0.00608601731123276
70	0.000889456628483487	0.00434790711610345	0.0115246901196505	0.0120416803446951	0.000433350981905925	0.00152603144140539	0.00367864767374564	0.00609896812179991
71	0.000793271450477632	0.00426096767053378	0.0115392536015828	0.0120342509092807	0.000433228551121125	0.00152766856594577	0.00368551207978913	0.00611174893461599
72	0.000713517109636189	0.00423344339041593	0.0115004688527273	0.0119937627367044	0.000433112161838768	0.00152943018697555	0.00369278222404355	0.00612495533298525
73	0.000619860081585681	0.00404551476265989	0.0112398688975709	0.0117402563314005	0.000433021319890403	0.00153135641566562	0.00370062767320346	0.00613884652458231
74	0.000576335002089379	0.00411686233224544	0.0114802204899832	0.0119858971241643	0.000432921508547477	0.00153345529827668	0.00370886304119196	0.00615298406559868
75	0.000590871500440862	0.00408461533399016	0.0113695814263391	0.0118828601130506	0.000432840084411566	0.001535525417243	0.00371724401821709	0.00616753834654672
76	0.000522746758539222	0.0040236770201525	0.011149155576932	0.0116935047686434	0.000432751870566536	0.00153762789366993	0.0037255844804962	0.00618209847245309
77	0.00051722539460582	0.00405300957029406	0.011154303981315	0.0117350574872569	0.000432741562260104	0.00154002536980288	0.0037344280508702	0.00619759529903761
78	0.000551058785345749	0.00413492238426296	0.010989990548942	0.0114549802400311	0.0004328251241936	0.00154278612354931	0.00374398197905252	0.00621449994070729
79	0.000549288191700945	0.00422213489810666	0.0110476737842451	0.0113591813026766	0.000432682739569158	0.00154563983112518	0.00375385161027979	0.00623173339800603
80	0.000578805577961552	0.00424473893505933	0.0109345623226065	0.0110115534378843	0.000432120777965529	0.0015483336727242	0.00376344420365781	0.00624806014047507
