lagtime	RRD_p|all	se_p|all
0.666666666666667	0.0129136308184901	0.00683849099862461
2	0.0133261520932752	0.00426904030887413
4	0.00760313310269548	0.00460949943782504
6	0.00371433046208101	0.00481193351376031
8	0.00265613000998674	0.00485985717851296
10	0.0020723177275249	0.00490288822125441
12	0.00192163951548028	0.00499160201612612
14	0.00389930952989852	0.00504243210288295
16	0.0102497323837047	0.00510004569382072
18	0.00874404938507547	0.00516394827695702
20	0.00464470428261233	0.00518435794769054
