lagtime	RRD_p|all	se_p|all
3.33333333333333	0.00184142023507398	0.000193816545356244
10	0.00481394516716261	0.000141349431761559
20	0.00603674135240435	0.000169323497833598
30	0.00537748216572125	0.000184313729150339
40	0.00474298503281307	0.000189689126522373
50	0.00393438249812036	0.000190284025147339
60	0.00339989498372047	0.000187648555433775
70	0.00284820473000306	0.000184487682801307
80	0.00253420590563346	0.000181176292575102
90	0.0022898250293419	0.000178402852313083
100	0.002032569682136	0.000176627483910966
110	0.00194045630482384	0.000175529514079592
120	0.00166640991276005	0.00017518595633245
130	0.00153007903384747	0.000174629942901206
140	0.00123476564218542	0.000173218227625512
150	0.00108177899221956	0.000171887433278506
160	0.00107684292859914	0.000171514152926766
170	0.00117878554793344	0.000171551739151089
180	0.00119064921078416	0.000171749379339349
190	0.00107917414304013	0.000171566738901142
200	0.000957859831314356	0.000170713144622979
210	0.000850343602723277	0.000169996082336177
220	0.000731947895227595	0.000169865365414658
230	0.000719079797831792	0.000170139278402485
240	0.000725296365017382	0.000170854607671951
250	0.000723255953292408	0.000170878501674431
260	0.000765395968277832	0.000170905633515057
270	0.000625469017138891	0.000170754716024654
280	0.000414943104104158	0.000170808052219823
290	0.000520548383560911	0.000171114093846948
300	0.000508068633702471	0.000171425832010385
