lagtime	RRD_p|lagQ0-0.0145	RRD_p|lagQ0.0145-0.0267	RRD_p|lagQ0.0267-0.0427	RRD_p|lagQ0.0427-0.0626	RRD_p|lagQ0.0626-0.116	RRD_p|lagQ0.116-0.139	RRD_p|lagQ0.139-0.188	RRD_p|lagQ0.188-1.27	se_p|lagQ0-0.0145	se_p|lagQ0.0145-0.0267	se_p|lagQ0.0267-0.0427	se_p|lagQ0.0427-0.0626	se_p|lagQ0.0626-0.116	se_p|lagQ0.116-0.139	se_p|lagQ0.139-0.188	se_p|lagQ0.188-1.27
0.333333333333333	0.000239570253887223	0.000212228120345561	0.000584030501776322	0.000799534301314171	0.0008589767668961	0.000858875410047203	7.00384111789933e-05	0.00103522560924792	0.000235053596487121	0.000212865877214965	0.000130805344206693	0.000145353287331652	0.000131364935537514	0.000467449412336187	0.000447220178532993	0.00043027382882439
1	9.57863033023232e-05	0.000179312372245944	0.000221126570871521	0.000794586350887354	0.000756664430233378	0.00112992600321138	-0.000611295165022441	0.000696982945548693	0.000190407255488494	0.000171337819143795	0.000107530591630972	0.000112521893304029	0.000103132361498114	0.000362677298062338	0.000368438888907825	0.000332220260147133
2	2.91302611962481e-05	0.000286024850910728	0.000458255982015812	0.00142272530699834	0.00122588590514438	0.00206641808708669	-7.53318040865422e-06	0.00182276692162064	0.000251447630972153	0.000221167686650681	0.00014232096021866	0.000147609667145063	0.000136251755990474	0.000461367338916476	0.000491381984837564	0.000422604264797258
3	2.41347316441229e-05	0.00028679460470842	0.000738265670338084	0.00196278466834996	0.0017756604226995	0.0033297498914364	0.00245941678859364	0.00380649339740761	0.00030325734402335	0.00026071235027046	0.000168734994756798	0.00017756633271383	0.000165915842215405	0.000536843469183447	0.000573549835437927	0.000496128163441499
4	5.49161027881577e-05	0.000279219462219212	0.00101851116980106	0.0024040309624078	0.00251894713259376	0.00515516009984433	0.00600725164239145	0.00661571657532273	0.000348829698156458	0.000299038936835761	0.000189872602947837	0.000202693869205536	0.00019291542811571	0.000591612829427083	0.000636264949662447	0.000561223587842372
5	6.24220377793341e-05	0.000248368915070916	0.00200551374902675	0.00340501679450735	0.00361272584930272	0.00734801998105795	0.00825768116411886	0.00848432023318118	0.000390163306959191	0.00033730667618482	0.000206815477855429	0.000223946976960381	0.000218248583781919	0.000630584253091284	0.00069111707295604	0.00061112053595057
6	9.49507526859352e-05	0.000417927192438112	0.00318707775729934	0.00409872826274603	0.00472309421687247	0.00920417667440771	0.0104213378204802	0.0107314887237961	0.000426865970766072	0.000375531621589835	0.000221759279305246	0.000241209641815338	0.000242915896268063	0.000659573493917021	0.00074034412130365	0.000659804346215469
7	0.000124483060174807	0.000700392041267136	0.00413241814969545	0.00485738889262144	0.0057536383266226	0.0106849104169963	0.012952463642934	0.0118851797577394	0.000460178392797356	0.000409604903246553	0.000235803465015348	0.00025647772732331	0.000267050572410536	0.000688572858812437	0.000792381977403063	0.000703580045018303
8	0.000146473892127752	0.000736083875094761	0.00497459156294051	0.00555987210150787	0.00648374301395433	0.0117280786119149	0.0142626472394757	0.0133122967994935	0.000489757473537807	0.00044083916423024	0.000249139294319195	0.000270253850174498	0.000289913378487633	0.00072256567951742	0.000841883167812345	0.000740838260983945
9	0.000109592455832439	0.000875480467268062	0.00553301394323074	0.0061361337638657	0.00716761372767649	0.0128871391085874	0.0152924193346813	0.0137808054227484	0.000515702987976321	0.000468872934979167	0.000261954498668257	0.000283213013212563	0.000313213832559259	0.000754377794161631	0.00088467609846086	0.000775602280618931
10	0.000122915822142754	0.00124201893482285	0.00563092235695935	0.00701207647607544	0.00775831441571199	0.0139853588346001	0.0160224602130132	0.0139398450182145	0.000539896504594237	0.000494152103809665	0.000273989733678005	0.000296143053137308	0.000336182778914708	0.000790064799268219	0.000920248796996501	0.000809860275990728
11	0.000123007200614109	0.00164366601092629	0.00572333056038988	0.00752462789248097	0.00815972487974414	0.0149469079493412	0.0164995540149806	0.0139728570505925	0.000561193504116308	0.000517065267951263	0.000285426029006942	0.00030940872844437	0.000358766793753759	0.000834036993595821	0.000951365931324792	0.000846568811471968
12	0.000161087210773662	0.00210118510839868	0.00604064498165075	0.00795267138348426	0.00859436351308406	0.0149668934739448	0.0166827215552432	0.014215247259337	0.000579535712824594	0.000537483206591336	0.000295955859550394	0.000322818787763266	0.000380145801888369	0.000868950123314294	0.00097738120118822	0.000871953223625918
13	0.000201336315022053	0.0023455652069299	0.00604199626388217	0.00816966558124448	0.00889850517382075	0.0157011786391864	0.0165360330091853	0.0143839428102433	0.000596403780419113	0.000556608179128284	0.000305839685647892	0.000336893340291866	0.00040064797508858	0.00088999383834591	0.00099949171294214	0.000895191795795761
14	0.000228263074550734	0.00301430801162029	0.00610561161790988	0.00836801634581426	0.00898082474802418	0.0160458741226786	0.0167368905015023	0.013323264985376	0.000610633277781302	0.000575372250501767	0.000315956109982099	0.000351363272675761	0.000420037490478732	0.000914098437807528	0.00101570396153087	0.000911248721407354
15	0.000278361082167122	0.00316486440475033	0.00607235324422035	0.00845897367547023	0.00894186472237612	0.0163344407205314	0.0173751395007515	0.0122347249165089	0.000620012316350081	0.000591674720738597	0.000326173433434908	0.000366006559437884	0.000438513636256481	0.000941007284544566	0.0010283144707809	0.000914402630397495
16	0.000339827635580321	0.00325735264608319	0.00614465845353291	0.00840234636823705	0.00909936683454273	0.0167659449526065	0.0165631733318315	0.0109340081148134	0.000626758215577388	0.000604279277309936	0.000335741872300486	0.000380698235259111	0.00045509308627494	0.000967828478814449	0.00104170323024892	0.000921393250281843
17	0.000414639699477107	0.00334539838903677	0.00617842510013735	0.00835664245944503	0.00904589055136601	0.0168895739454939	0.0158264367017806	0.0105071918561979	0.000632275913511622	0.00061449175694547	0.000345153163211731	0.000394279720747236	0.000470057050135987	0.000983873535951873	0.00105752296810689	0.00093215707794309
18	0.000427313415149355	0.00335399117399983	0.00612427528460132	0.00832333737208049	0.00909500259537665	0.0164729221886387	0.0158241534049493	0.0108800027525029	0.000636781281820579	0.000624359097413773	0.000354773927949872	0.0004075100892824	0.000483186129880764	0.000999960635044028	0.00107370835599675	0.000947169535474073
19	0.00048481727494286	0.00354997491263053	0.00616316713228704	0.00826606686159744	0.00916047305762487	0.0160266641756382	0.0148607554210315	0.0108456495064725	0.000640408109853755	0.000634262923441909	0.000364978460399845	0.000420172096463965	0.000494257493253687	0.00101956413775049	0.00109296672213762	0.000963326670156346
20	0.000562971395491883	0.00366290695715691	0.00612394935571052	0.00815810854123498	0.0090832924061539	0.0158854223707332	0.0147188489175847	0.0107325964953171	0.000644231917351378	0.000643921174023255	0.000374657133340501	0.000431220635072736	0.000503094351161809	0.00103143276861542	0.00111430974431137	0.000979425195371949
21	0.000614220665958536	0.00362237415740137	0.00600538339407296	0.0081027955350649	0.00908403179771213	0.015329961018563	0.0145073534758909	0.0111829351993895	0.00064857640760513	0.00065294104417444	0.000383323039102256	0.000440675269902982	0.000510122230284499	0.00103956807947918	0.00113696630263849	0.000990546553860938
22	0.000617831129453997	0.00387072336047673	0.00611350290540543	0.00789295448451018	0.00896465736133824	0.0153145567262805	0.0138651524728982	0.0126231508761167	0.000653129853840357	0.000661341136663327	0.000391518970107925	0.000448233288897811	0.000516269849029325	0.00104871031792734	0.00116256420788639	0.00100262117216362
23	0.000627228600994965	0.00405742010676101	0.00625685608345742	0.00780248742170711	0.00884406477940436	0.0147924881430979	0.0134029956510096	0.0136728361750816	0.000657411247951958	0.000670189887843618	0.000399862490757124	0.000455763650661552	0.000521636237384865	0.00105999778403796	0.00118570000625924	0.00101487514126228
24	0.000577506339565234	0.00404110156072191	0.00629889481488578	0.00775056331400465	0.00893187958968818	0.0147628123181925	0.012453867130473	0.013017059017353	0.00066068043819239	0.0006785544846459	0.000407734884774231	0.000461823695800818	0.00052665876543381	0.0010664198760265	0.00120889258070945	0.00102460179621522
25	0.00059464517324134	0.00421110565611925	0.00623970800882181	0.00762814497625267	0.00888698636880751	0.0149946843300991	0.013475435670356	0.0129847428292251	0.000663975990197913	0.000686898613312625	0.000414712597931104	0.000465802867231101	0.000530836683086501	0.00107190565788197	0.00123277022558527	0.00103095627268045
26	0.000595843497626456	0.00425081066476668	0.00617097735381399	0.00743301542503852	0.00877961571171737	0.0141875995855387	0.0128441134520367	0.0127601481820894	0.000665457759954103	0.000694366789598773	0.00042131933098222	0.000469535426849641	0.00053518198642517	0.00107971513664987	0.00125639650909709	0.00104052710033765
27	0.000610996601485484	0.00431914066515065	0.00610994138707735	0.00728715209169595	0.00863468341495581	0.0134574876643273	0.012115937807279	0.0125723765214557	0.000667516790284037	0.000701768824359803	0.00042759626203412	0.000472724774602421	0.000539186431504186	0.00109093048215783	0.00127854080351156	0.00104153386424467
28	0.000627277634291414	0.00428034438741425	0.00603867356975864	0.00696817033254087	0.00865223315719214	0.0140563442916489	0.0117148121936831	0.0119315186603806	0.000670430699339475	0.000710449804018194	0.000433721325263085	0.000475728426764814	0.00054275251816036	0.00109901064170777	0.00129972108460119	0.00104324901449546
29	0.00064088019707597	0.00427487247217055	0.00599779539419257	0.00688872802108015	0.00867709389200351	0.0138821285131504	0.0114146268948824	0.0120983981970079	0.000673525395173664	0.000720797118913357	0.000439264569910239	0.000478714406139718	0.000546684058839494	0.00110639315938932	0.00131983502331591	0.00104523351586566
30	0.000676068071572515	0.00420751456423124	0.00579102053381328	0.00700911931372636	0.00873914212780803	0.0134101643736566	0.0132216456470822	0.0120263752763125	0.000677673129379063	0.000732909151417023	0.000444290532502597	0.000481431069583447	0.000551488931464803	0.00111593245234189	0.00133846266649215	0.00104797676150481
31	0.000699395267817938	0.00406754893427006	0.00562987758397053	0.00684701737100899	0.00869298090891033	0.0132480144172139	0.0128770300536048	0.011592911115086	0.000681545554782581	0.000743988678724818	0.00044970364563982	0.00048474155207164	0.000556216511951685	0.00112432538970767	0.00135579160590603	0.00104980661079692
32	0.000765702684706624	0.00391979261099883	0.00545207805296009	0.00680323846195985	0.0087419049414661	0.0126447858892717	0.0118094150536223	0.0113689991708383	0.000685419052308335	0.000752032819553931	0.000455409438438903	0.00048848553638145	0.000560734407934767	0.0011288608110091	0.00137347651006552	0.00105235325863147
33	0.000835108438642954	0.00401894843316641	0.00536685288864466	0.00656928136828313	0.0085780950695925	0.0124144504213724	0.0113291286532384	0.0110841555835147	0.000689912831367351	0.000758270881907606	0.000461043503532323	0.000492343139518126	0.000564743804293378	0.00113533133341893	0.00138553376986379	0.00105297203672493
34	0.000804140552226612	0.0040122552488954	0.00544207328773139	0.00637531519249854	0.00841325619584456	0.0122943471314904	0.010587978622295	0.0107373877685417	0.000694180303151992	0.000763458628161798	0.000466770299637336	0.000496444612534881	0.000568555224056145	0.00114001903547909	0.00139660944289497	0.00105507954284674
35	0.000851226545605967	0.00388492961704088	0.00525617860901145	0.00638538438312206	0.00822042136877182	0.0118188560337913	0.0110359186831804	0.0100721047825062	0.000697620088754469	0.000768171635829442	0.000472192383366035	0.000499988393542408	0.000572605888078544	0.0011437316866197	0.00140639867264148	0.00105567664372139
36	0.000780590847100951	0.00372333063722656	0.00526147682901267	0.0061284602715343	0.00805292447405389	0.0112498330519327	0.0100571710665642	0.00980988404216416	0.000700670690947847	0.000773029195724256	0.000476639228896323	0.000502878555033465	0.000576602215724953	0.00114812090677246	0.00141693309917789	0.00105874604405936
37	0.000764360904659759	0.00360288012186914	0.00501773469441416	0.00602018128751548	0.00781966660745681	0.0110008398866256	0.00974435495409045	0.00932069808663179	0.000703444112046062	0.000777735278592806	0.000480385848266936	0.000505712534258521	0.000580265795898073	0.00115875559821233	0.00143025240813491	0.00105894551118052
38	0.000716668522626724	0.00341808320769454	0.00498794114127175	0.00587950198591978	0.00770705723345604	0.0106100080493974	0.00856662793765493	0.00906728875072345	0.000706290902997541	0.000782109055995907	0.000484795754846595	0.000508399958222128	0.00058319918142064	0.00117203095422165	0.00144315159789132	0.00105501750042445
39	0.000668709037430493	0.00324287891336285	0.00468617985143557	0.00571301059161747	0.00754994024894875	0.0102335142132974	0.00777793914584214	0.00853289409166323	0.000708831838680228	0.000786087095112247	0.000488790451445915	0.000510514360949371	0.000585416274635958	0.00117812440315418	0.00146031230392328	0.00105153374748904
40	0.000562846188567282	0.0030529798986996	0.00430515797297011	0.00556373255945504	0.00736790210122674	0.0093009172188976	0.0075003342238016	0.00839516438977922	0.000710986181876223	0.000789618533789516	0.000492266118176472	0.000512807683283559	0.000586894299757943	0.00118427407031618	0.00147782083819911	0.00104623610068588
41	0.000549581520357467	0.00302690915582453	0.00403410685473301	0.00559383641982616	0.00718485355503142	0.00868284346720439	0.0069679856547883	0.00813901866552357	0.000712841543195217	0.000792731251744894	0.000495031955338953	0.000514816493074985	0.000587843208131507	0.00118903754637432	0.00149624467261196	0.0010396171322527
42	0.00063616284039899	0.00300457084728871	0.00395699646889586	0.00539560558463314	0.00698080227162747	0.00851631989552509	0.00708310431488949	0.00793673946154193	0.000714587086613185	0.000795699684878504	0.000497494755561446	0.000516676121578257	0.000588759347104016	0.00118913888047348	0.00150868265066886	0.00103511592794971
43	0.000602780571107279	0.00307472317943434	0.00418287385309734	0.0051280309338875	0.00689717877515467	0.00829056654464461	0.00665689928673045	0.00725173001362978	0.00071567848684438	0.000798481156414659	0.000499192870300117	0.000517977647737012	0.000589444609348443	0.00119054407139826	0.00151848525543149	0.00102928219611945
44	0.000493579181213511	0.00306832333405272	0.00427467014481632	0.004954185931871	0.00678384226352909	0.00816041765048834	0.0065667120758782	0.00707807904225016	0.000717624344178109	0.000801080211123626	0.00050064195038759	0.000519226510753756	0.000590000898024803	0.00119058125442227	0.00152460834373375	0.0010239730926151
45	0.000525873117707969	0.00291969842521637	0.00429593109822561	0.00478274382356064	0.00661837355163754	0.00792801884248246	0.0063091336472419	0.00659764994346764	0.000720192961170309	0.000803140244150517	0.000501962991706276	0.000520461406418174	0.000590445362369101	0.00119056907467538	0.00152713750641699	0.00102073854107941
46	0.000759777179759018	0.00282389039583523	0.00397021846414889	0.00479366195168828	0.00639115445077119	0.00798403216518151	0.00554631926741542	0.00606252608956042	0.000722358341947971	0.000804577319053262	0.000503445067973139	0.000521568512226147	0.000591174107570896	0.00118665518691227	0.00152777944552543	0.00101578699901406
47	0.000807191834302926	0.00267145917355356	0.00390494083308928	0.00450769939813017	0.00634920444697972	0.00790091050106474	0.00493983625703477	0.0060176676035748	0.000723917839972773	0.000805585155573329	0.000504901167927821	0.000522621739274144	0.000591727026235452	0.00118117419688984	0.00152843895762244	0.00101259721181574
48	0.000765938286881924	0.00265169563495319	0.00373459101782047	0.00449975862007096	0.00606838466238894	0.0076451831198286	0.00489138470051713	0.00585082839778475	0.000724183620273144	0.000806634268129206	0.000505878725195157	0.000523234675713696	0.000592178951437024	0.00117746521985658	0.00152941026735792	0.00100875840155366
49	0.000747424624987268	0.00257546648743888	0.00356203910680569	0.00445437210372952	0.00603579037399301	0.00732130482782944	0.00449506271641166	0.00584264522868585	0.000724434596721757	0.000807753534942246	0.000506574035607982	0.000523782814858434	0.00059245326657918	0.00117780269191989	0.00152975290521616	0.00100756487107124
50	0.000724248909524356	0.00247420030184904	0.00348585428623355	0.00458905993353871	0.00591261270544582	0.00752084935882341	0.00440498778342832	0.00584482797354061	0.000724684528160417	0.000808801295248959	0.000507002353452325	0.00052486699741552	0.000592792139881741	0.00117622003743837	0.00153130236353446	0.00100568760177643
51	0.000705003090724352	0.00247674327429207	0.00335392702346979	0.00445482982394149	0.00587363712820374	0.00742020749378367	0.0039520104075509	0.00587201018642957	0.000725084639215524	0.000809511827988649	0.000507344991176052	0.000526187366636361	0.000592906424799462	0.00117512393768235	0.00153259671253453	0.00100355471582752
52	0.000721787882076872	0.00247714652688053	0.003277433894047	0.00451143667701544	0.00573288435796894	0.00744241275485736	0.00430073261164421	0.00572546818956943	0.000725291194235713	0.000810106962285783	0.000507627793886293	0.000527428262522659	0.000592964864003919	0.00117578367612797	0.0015350420373219	0.00100002917694344
53	0.000772473633665861	0.00249658379108377	0.00312530395728588	0.00451230380223622	0.00547766744674546	0.00745323837252283	0.00472762092224933	0.00558642007428922	0.000725924438327095	0.000810153113374443	0.000507988451420484	0.000528639197856478	0.000593283339424264	0.00117666744832255	0.00153807256975611	0.000997301987986758
54	0.000726018890995252	0.00243132104904377	0.00310200487776113	0.0047312446204575	0.00550938816726681	0.00688606527752397	0.00457955035857165	0.00548259917016589	0.000727257610314562	0.000810103709023883	0.000508548132344737	0.000529653761435615	0.000594006384448546	0.00117628327114516	0.00154235831196092	0.000992831217126371
55	0.000694520621128037	0.00230770264746211	0.0028513135096503	0.00492846196690647	0.00533296277415297	0.00684205217104519	0.00447412266539374	0.00537948737723851	0.000729030261753752	0.000810116935085944	0.000509014808206192	0.00053137133617345	0.000594646793458722	0.0011761976214391	0.00154615354446371	0.00098904747020963
56	0.000637079438601683	0.00229510003481425	0.00271930470182063	0.00489035780690085	0.00520036703947283	0.00694406869889725	0.00460698992419351	0.00521710037806227	0.000731791814802997	0.0008096887466623	0.000509415492235584	0.000533347502072148	0.000595661893477128	0.00117721935206053	0.0015513202909466	0.000984486750493741
57	0.000474009317647481	0.0022089577918069	0.0025190881731632	0.00484432953202977	0.00512791154483129	0.00665980834592005	0.00437773494394268	0.00516342829297387	0.000734540212737377	0.000808974602780008	0.000509949465321977	0.000535828387326195	0.000597129438282611	0.0011773463140648	0.00155538450417388	0.000980110901392095
58	0.000522256250967803	0.0022751801132827	0.00233108845086124	0.00466521825059112	0.00501563117369893	0.00664994824988435	0.0043438376489169	0.00500030433571878	0.000737751546268586	0.000808459766677825	0.00051103165282022	0.000538639357001297	0.000598586896299141	0.00117827861395027	0.00155591718190739	0.000977147034562332
59	0.00126838896924037	0.00219104045469272	0.00208208794264961	0.0045726617254356	0.00498910871864605	0.00668174020904026	0.00400555102524788	0.0047766298420429	0.000740651152244237	0.00080821922974434	0.000512788252016289	0.000540889581646641	0.000600220803696849	0.00117931412763931	0.00155592671989669	0.000973872487414267
60	0.00150331921539377	0.00222080516788347	0.00216792628957873	0.00438281255387077	0.00512774202465614	0.00641181415058227	0.00431732593531419	0.0045787208658711	0.000742565340142083	0.000808169860603622	0.000514062791458728	0.000543086717637466	0.000601452858077889	0.00117972715529899	0.00155631937864578	0.000970622360531441
61	0.00109926908930046	0.00222499476710465	0.00202885098979377	0.00435818101452285	0.00512519066703741	0.00615323606072523	0.0042586348448045	0.00450622885121239	0.000743354189718739	0.000807859823516243	0.000514597804099103	0.000546015881058211	0.000602665130064876	0.00118047774147754	0.00155684301025329	0.000966581233598168
62	0.000972872606568639	0.00222647212472775	0.00198470943749089	0.00426323129219762	0.00498581699424555	0.00604485597905704	0.00432239498914073	0.0043201197373431	0.000743817868684688	0.000807665603117702	0.000515995011978752	0.000549610719736411	0.00060349260394262	0.00118134913979369	0.00155709974815801	0.000961963717028307
63	0.000843694750194504	0.00226272588928797	0.00192132397309407	0.00414800129230769	0.00497940663114359	0.00585517551439102	0.0043974563019616	0.00436324806056577	0.000743895569440056	0.0008078105855629	0.000516765540284835	0.000552794024214336	0.000603697234851086	0.00118252433816812	0.0015578385023455	0.000958780824229249
64	0.000693831039324371	0.00234676956234744	0.00185142717429087	0.00401599185237895	0.00497879525490448	0.00544167691818509	0.00463052630455439	0.00432308494980625	0.000743396641245948	0.000808017324191118	0.000517247960119328	0.000555774460012056	0.000603550742758318	0.00118553692277256	0.00155845380476483	0.00095516368730782
65	0.000637113067731881	0.00224675310892445	0.00181990254651985	0.00386941956139319	0.00497870587320389	0.00547387926328582	0.00462061662204389	0.00402691742637918	0.000742236487143319	0.000808067074392436	0.000517284231674576	0.000558055683722952	0.000603322947023501	0.00118906340491062	0.00155916298604348	0.000953392814112201
66	0.000615709565112708	0.00207923308492933	0.0017360785312017	0.00360661376205939	0.00479967697531133	0.00522868438195974	0.00425544307373432	0.00396113237538715	0.000740887749033385	0.000808013341650496	0.000517151621325889	0.000559732909045402	0.000602945129769265	0.00119098163096289	0.00156033588666641	0.000954197438179012
67	0.000511828636857993	0.00216034419007396	0.00157478280738414	0.00348743570379596	0.00485878881100481	0.00548254318568779	0.00442835801589101	0.00400241801669562	0.00073932134233896	0.000808030814453222	0.000516988667080348	0.000560875095506347	0.00060235627425852	0.00119090868036507	0.00156233385089875	0.000956158512084025
68	0.000479223363020044	0.00236971655737138	0.0015619914107176	0.0033011691475625	0.00473446801588919	0.00522682238025815	0.00427584717611346	0.0041332635961103	0.000737839642039108	0.000807999105619209	0.000516682726621963	0.000561547713987909	0.000601637134144331	0.00118978229328946	0.00156517052991709	0.000958377669043002
69	0.000515474457242351	0.00235969773075016	0.00154221689016416	0.00321986700095877	0.00483707500287425	0.00487685374760336	0.00412323239002786	0.00434390831680733	0.000736310753730386	0.000807767722657294	0.000516501714769697	0.000561582630147492	0.000600802188178936	0.00118790849831047	0.00156876727824877	0.000959514598266692
70	0.000473633744569795	0.00239707665305263	0.00148841413472212	0.00315859197982087	0.00482300279149754	0.00471356562091565	0.00403794910845259	0.00411232294976001	0.000735132209483091	0.000807185937725842	0.000516317841307965	0.000561289279104538	0.000600065708742998	0.00118511458761	0.0015713592321558	0.000958352858766345
71	0.000504666979366078	0.00250442800637123	0.0015293606128615	0.00298768580976876	0.0047640046220416	0.00467050331209684	0.00362031280250644	0.00426632982897171	0.00073478353345561	0.000806385467387494	0.000516139126148039	0.000560915578251742	0.000599426510732891	0.00118321267972492	0.00157286561418752	0.00095729112828282
72	0.000601528203273831	0.0025794206676393	0.00159394447366229	0.00296784368562017	0.00479227096373735	0.0044313588770033	0.00366608088164828	0.00408994929456986	0.000734708341225807	0.000805549165402504	0.000515951001200684	0.000560524198219531	0.000598643757103323	0.00118173575191897	0.0015734768581535	0.000955328035739395
73	0.000575690279681463	0.0024550428427837	0.00155398881315768	0.00281248141746924	0.00463473377664257	0.00421557087225318	0.00317772933805179	0.00412908931240889	0.000733996085743863	0.000804655835032034	0.000515773783952246	0.000560462755032647	0.000597966543851058	0.0011806173614881	0.00157383619771207	0.000953288398450331
74	0.000609553705976135	0.00266423215460197	0.00166798079759658	0.00277402252344786	0.00493002400197039	0.00457296529523445	0.00279296880883245	0.00402560758629864	0.000733872059504543	0.000804022558550353	0.000515795953639375	0.0005608731050041	0.000597481662159583	0.00117932028207513	0.00157481204716315	0.000950163745649688
75	0.000613758096992035	0.00272421794901235	0.00168746497387105	0.00269148394054584	0.0047715035067583	0.00452667472958467	0.00258658399543972	0.00422618913651431	0.00073437035443243	0.000804065388952795	0.000515505482066119	0.000560859963671011	0.000597155482691117	0.00117856323801259	0.00157359684552368	0.000949072365456208
76	0.000624950489733881	0.0025459398010688	0.00174459577753081	0.00269278433988215	0.00473849260007662	0.00466142512916922	0.00218277542580785	0.00415327078990696	0.000735337308339083	0.000804330591302077	0.00051529497720645	0.000562458500682775	0.00059704034704947	0.00117875278619103	0.00157129562987399	0.000947632057380625
77	0.000574407649460883	0.0026532581543497	0.00177168456354704	0.00281487156203129	0.00470034594266115	0.00471431854196096	0.00217603274621435	0.00413567761105457	0.000735519436408251	0.000804939548744932	0.000515077989731873	0.000564366661626307	0.00059677465666089	0.00117914525598781	0.00157012727108629	0.000946384823579563
78	0.000576518925319757	0.00252278187441714	0.00173557080208436	0.00253459673234611	0.00469017957887865	0.00474224226178823	0.00205595528598192	0.00446364091579303	0.000735373657107942	0.000805517435591552	0.000515313431851697	0.000566949603421684	0.000597011672889712	0.00118045586920988	0.00156996694690286	0.000946531564509826
79	0.000585956691778493	0.00248212673852034	0.00173430759738241	0.00272404022509836	0.00466347255392041	0.00480725798770673	0.00227329197386264	0.00476303789683756	0.000736620565645859	0.000806318559681644	0.000515790095047631	0.000569843333944216	0.000597408244928716	0.00118170454457029	0.0015705777514963	0.000949712704707299
80	0.000584914224163672	0.00253860355473585	0.00162593822163718	0.00265665551659054	0.00453551846605669	0.00479954461996908	0.00190379318833367	0.00489210803392928	0.000736900986717057	0.000807231631137981	0.000516203344713501	0.000573063714089149	0.000598108611284466	0.0011826801811475	0.00157003531976172	0.000951547111855029
81	0.000529400067285454	0.00249832053448774	0.00161009876855211	0.00273951555724643	0.00454442461191063	0.00516365023153878	0.00169814815451184	0.00502241172549761	0.000738267169955766	0.00080796977708539	0.000516940668265638	0.000576331491048392	0.000598560274606887	0.00118232953282171	0.00156782459223419	0.000954496617084724
82	0.000451854391651214	0.00248591369584752	0.00146464182307282	0.00261210123227835	0.00450126477963215	0.00520451715516927	0.00128674052570669	0.00507289632076555	0.0007404088039919	0.000808503266858866	0.000517527593547521	0.000579411056935645	0.000598624866257319	0.00118190651282179	0.00156470426707519	0.000953872412159618
83	0.000370056440785162	0.00247488160037951	0.00156271610757253	0.0026020247571728	0.0044004562357802	0.00514703276258452	0.00147161195996084	0.00534128203159229	0.000741342753275811	0.000808808477068953	0.000518286882228652	0.000581610842745653	0.000598711825776022	0.00118191823468595	0.00156080606253034	0.000952447814218917
84	0.00035739264832297	0.00245858785711898	0.0015813748790275	0.00261664393711435	0.00429429654210199	0.00504150415007563	0.00101728891174149	0.00541510116081676	0.000741419244693035	0.000809630260960197	0.000518965852865029	0.000582649194463242	0.000598964956929309	0.00118387440413869	0.00155686789134822	0.000950302606589264
85	0.000389382944301132	0.00227450079069839	0.00157301772420075	0.00254083572158856	0.00425130173567866	0.00489195169700223	0.00129223192491948	0.00536984011404897	0.00074071427073578	0.000810408168409371	0.00051959184796682	0.000582439441762367	0.000599273763989795	0.00118472346799363	0.00155440058962512	0.000948723984704135
86	0.000369602676429502	0.00215757562418941	0.00157041870671055	0.00241592254296219	0.00418532322773469	0.00490599766814062	0.00110447365528667	0.00558320156038902	0.000740024609196611	0.000811017554291206	0.00051985887002456	0.000583238714622327	0.000599774364141516	0.0011864055997689	0.00155443952275333	0.000946654696066792
87	0.000418557118781407	0.00211720830297164	0.00155939734937395	0.00233093948133954	0.00421895651450962	0.00457493191532632	0.000854996654608774	0.0056814152937168	0.000739510730380676	0.000811508712121933	0.000520084651820282	0.00058323460230752	0.000600001226454213	0.00119178814185898	0.00155374730070979	0.000945975192980312
88	0.000298049984703609	0.00210240102896857	0.00154346219565652	0.00229086628753182	0.00419378859892638	0.00444282386168853	0.000996198359619813	0.00610680501632259	0.000738860001981599	0.000812179746274253	0.000520165603055762	0.000583574458544835	0.00060026070255565	0.0011970491204628	0.00155549333547467	0.00094556720645507
89	0.00028274083038606	0.00192288090881146	0.00156586909253985	0.00207380830412662	0.00406979833174828	0.00426594190884654	0.000639611872731005	0.0064476774739368	0.000738112044148952	0.000813021544027668	0.000519949899800951	0.000583657729798032	0.000600064272908537	0.00119652863954782	0.00155920564425371	0.000946656844118265
90	0.000236775844813001	0.00182473025040479	0.00152023394153297	0.00205960915354104	0.00392388110998312	0.00418256617133443	0.000525668647861921	0.00663057285540157	0.000738216088189676	0.000813645151099805	0.000519833885305582	0.000583738148392611	0.000599853695204351	0.00119905118950626	0.00156054074897033	0.000946757623229914
91	0.000193865549728648	0.00189001534390201	0.00155996433413521	0.00196993838352831	0.00378048299924993	0.00401216492884035	0.000265006111822757	0.00666682540133798	0.000737782150290663	0.000814145324646491	0.000519815369615266	0.000583976721458203	0.000599593335980715	0.00119860202690607	0.00156003109041226	0.000947416821298277
92	0.000172614728410228	0.00176251081008467	0.00143225296792858	0.00197229921202595	0.00375021543992741	0.00402570088096521	0.000210313947716439	0.0066670992759939	0.000735753833659585	0.000814209960942249	0.000520019137759589	0.000583971137558289	0.000599192373215147	0.00119802173521251	0.00155878902835573	0.000946634720838578
93	0.000169047275217233	0.00178284746406813	0.00138737965283115	0.00184838216464948	0.00359763096708203	0.00386365924286895	0.000530762783129123	0.00676234636193606	0.00073416521025784	0.000813474318153018	0.000520279096232667	0.000583937103519159	0.000598767269635758	0.00119612750197878	0.0015561215320401	0.000946958076061146
94	0.000106880379066475	0.00170680828812324	0.00152386010856013	0.00185491514269008	0.00351464121178817	0.00363598212239104	0.000246727595861873	0.00671038912406618	0.000733838210457569	0.000812495590678937	0.000520655005852139	0.000584241281014732	0.000597953019094589	0.00119729358223117	0.00155333414859989	0.000948407818744109
95	0.000139978631487082	0.00175807301392937	0.00162547455606957	0.00195195964562545	0.00344824068138639	0.00360810337869719	0.000127607562932554	0.0067884514578644	0.000732409451711933	0.000811412639940389	0.000521086248559273	0.000584432466904634	0.000597174974479955	0.0011946850372438	0.0015500434932115	0.0009493992492992
96	0.000116218203575517	0.00183012603069638	0.00167660715550992	0.00187251738596062	0.00337505865358176	0.00356354372292393	-8.09633666369051e-05	0.00689276969840508	0.00073143051540252	0.000810293180754879	0.000521510952386395	0.000584387788720365	0.00059698054499439	0.00119154521892087	0.00154817512773453	0.000949080577992846
97	0.00016802788283643	0.00160269032535919	0.00190301083162792	0.00170732125971627	0.00325459102132721	0.00350133717984026	-0.000322315374179664	0.00692251616903602	0.000729755083740879	0.000809342841782818	0.000521788420872148	0.000584667848003614	0.000597093858743012	0.00118787084115937	0.00154731161708068	0.000946513160435383
98	5.75743548519836e-05	0.00164432393798168	0.00198746375346671	0.00172528424887479	0.00315688330534264	0.00329478020304071	-0.0002913022251781	0.00674673289923331	0.000728143560931157	0.000808577715082409	0.000522096958718703	0.000585050374704184	0.000597501775006097	0.00118665914640603	0.00154608294823121	0.000944680603955392
99	1.54501059600733e-05	0.00159120157171042	0.00202430798860716	0.00165512825394243	0.00314438462444487	0.00314384815961476	-0.000542602722357651	0.00708736969000645	0.000728506502483876	0.000807585205829652	0.000522207026110458	0.000585874906858065	0.000597722665203883	0.00118513065355253	0.00154481226809656	0.00094239243010619
100	-0.000125572861957517	0.00145828928221845	0.00196438032788204	0.00161129405442546	0.00304845706561375	0.00310787488879048	-0.000162811470912682	0.00682975702896144	0.000728307174053984	0.000807075465296221	0.00052210757311911	0.00058697500874311	0.000597839363153387	0.00118433652183976	0.00154250925395852	0.000940244956077294
