lagtime	RRD_|all	RRD_dw|all	se_|all	se_dw|all
0.666666666666667	0.0621690401313139	0.00549890292721945	0.00630975983409796	0.0073929950359708
2	0.0410696858236948	0.0116286054659113	0.0034960048514985	0.00377806306138802
4	0.0274873752659459	0.0118180035402002	0.00372801317463179	0.00370000134566085
6	0.0194385875324948	0.00990999401608827	0.00378821244881627	0.00362967328409734
8	0.0148345531771227	0.00153331262034048	0.00383592147065729	0.00361567816660331
10	0.0095516662290087	-0.00798237546521663	0.00380572343414457	0.0035796311225626
12	0.00848173383396663	-0.00866823210490542	0.0037524126198892	0.00357197447273776
14	0.00716070423804842	-0.0098105289272007	0.0036702246963405	0.00357606104029469
16	0.00423785510608037	-0.00593788499394876	0.0036159161986936	0.00352485143019013
18	0.0037134476870195	0.00172916086011758	0.00355239573292576	0.00346686739769043
20	0.00244266669195153	0.00287355751215163	0.00348611177493053	0.00264707082958618
