timestep	time	weight	P	Q	Qfitted	Qresidual
4	4	0	0	14.1916	0	14.1916
5	5	0	0	14.6264	0	14.6264
6	6	0	0	8.8182	0	8.8182
7	7	0	0.6	13.5116	5.1136042386369	8.3979957613631
8	8	0	0	14.9464	5.74509469040586	9.20130530959414
9	9	0	0	9.7556	4.48289243990581	5.27270756009419
10	10	0	0	8.2026	0	8.2026
11	11	0	2.6	15.813	22.1589517007599	-6.34595170075989
12	12	0	2	17.7312	41.940757787215	-24.209557787215
13	13	0	0.2	13.6668	40.2807176204903	-26.6139176204903
14	14	0	0	14.238	16.8580063631546	-2.62000636315465
15	15	0	0.4	10.6352	4.9033669723932	5.7318330276068
16	16	0	0	14.4648	3.83006312693724	10.6347368730628
17	17	0	1	7.91480000000001	11.5112686909987	-3.5964686909987
18	18	0	0.2	10.724	11.2796925635554	-0.555692563555393
19	19	0	9.2	24.1782	87.7951172890774	-63.6169172890774
20	20	0	0	18.2304	89.5857493995251	-71.355349399525
21	21	0	0	14.3796	68.7376840785557	-54.3580840785557
22	22	0	0	9.3176	0	9.3176
23	23	0	0		0	
24	24	0	0		0	
25	25	0	1.6		13.6362779696984	
26	26	0	0		15.320252507749	
27	27	0	0		11.9543798397488	
28	28	0	0		0	
29	29	0	0		0	
30	30	0	0		0	
31	31	0	0		0	
32	32	0	0		0	
33	33	0	0		0	
34	34	0	0		0	
35	35	0	0		0	
36	36	0	0		0	
37	37	0	0		0	
38	38	0	0		0	
39	39	0	0.4		3.4090694924246	
40	40	0	4.2		39.6252927973955	
41	41	0	7.2		104.567508656421	
42	42	0	0		100.321383364211	
43	43	0	0		53.7947092788697	
44	44	0	0		0	
45	45	0	0		0	
46	46	0	0		0	
47	47	0	0		0	
48	48	0	0.8		6.8181389848492	
49	49	0	1.8		23.0009389697852	
50	50	0	1.2		33.4396824683658	
51	51	0	1		33.4615404315906	
52	52	0	0		18.5409426971547	
53	53	0	0		7.47148739984301	
54	54	0	0		0	
55	55	0	0.4		3.4090694924246	
56	56	0	1		12.3527368579987	
57	57	0	0		12.5637527772803	
58	58	0	0		7.47148739984301	
59	59	0	0.6		5.1136042386369	
60	60	0	0.8		12.5632336752551	
61	61	0	0		12.1430186937803	
62	62	0	0		5.97718991987441	
63	63	0	0		0	
64	64	0	0		0	
65	65	0	0		0	
66	66	0	0		0	
67	67	0	0		0	
68	68	0	0		0	
69	69	0	0.2		1.7045347462123	
70	70	0	0		1.91503156346862	
71	71	0	0		1.4942974799686	
72	72	0	0		0	
73	73	0	0		0	
74	74	0	0		0	
75	75	0	0		0	
76	76	0	0.2		1.7045347462123	
77	77	0	0		1.91503156346862	
78	78	0	0		1.4942974799686	
79	79	0	0		0	
80	80	0	0		0	
81	81	0	0		0	
82	82	0	0		0	
83	83	0	1		8.5226737310615	
84	84	0	0		9.57515781734309	
85	85	0	0		7.47148739984301	
86	86	0	0		0	
87	87	0	0		0	
88	88	0	0		0	
89	89	0	0		0	
90	90	0	0		0	
91	91	0	0		0	
92	92	0	0		0	
93	93	0	0		0	
94	94	0	0		0	
95	95	0	0		0	
96	96	0	0		0	
97	97	0	0		0	
98	98	0	0		0	
99	99	0	0		0	
100	100	0	0		0	
101	101	0	0		0	
102	102	0	0		0	
103	103	0	0		0	
104	104	0	0		0	
105	105	0	0		0	
106	106	0	0		0	
107	107	0	0		0	
108	108	0	0		0	
109	109	0	0		0	
110	110	0	0		0	
111	111	0	0		0	
112	112	0	0		0	
113	113	0	0		0	
114	114	0	0		0	
115	115	0	0		0	
116	116	0	0		0	
117	117	0	0		0	
118	118	0	0		0	
119	119	0	0		0	
120	120	0	0		0	
121	121	0	0		0	
122	122	0	0		0	
123	123	0	0		0	
124	124	0	0		0	
125	125	0	0		0	
126	126	0	0		0	
127	127	0	0		0	
128	128	0	0		0	
129	129	0	0		0	
130	130	0	0		0	
131	131	0	0		0	
132	132	0	0		0	
133	133	0	0		0	
134	134	0	0		0	
135	135	0	0		0	
136	136	0	0		0	
137	137	0	0		0	
138	138	0	0		0	
139	139	0	0		0	
140	140	0	0		0	
141	141	0	0		0	
142	142	0	0		0	
143	143	0	0		0	
144	144	0	0		0	
145	145	0	0		0	
146	146	0	0		0	
147	147	0	0		0	
148	148	0	0		0	
149	149	0	0		0	
150	150	0	0		0	
151	151	0	0		0	
152	152	0	0		0	
153	153	0	0		0	
154	154	0	0		0	
155	155	0	0		0	
156	156	0	0		0	
157	157	0	0		0	
158	158	0	0		0	
159	159	0	0		0	
160	160	0	0		0	
161	161	0	0		0	
162	162	0	0		0	
163	163	0	0		0	
164	164	0	0		0	
165	165	0	0		0	
166	166	0	0		0	
167	167	0	0		0	
168	168	0	0		0	
169	169	0	0		0	
170	170	0	0		0	
171	171	0	0		0	
172	172	0	0		0	
173	173	0	0		0	
174	174	0	0		0	
175	175	0	0		0	
176	176	0	0		0	
177	177	0	0		0	
178	178	0	0		0	
179	179	0	0		0	
180	180	0	0		0	
181	181	0	0		0	
182	182	0	0		0	
183	183	0	0		0	
184	184	0	0		0	
185	185	0	0		0	
186	186	0	0		0	
187	187	0	0		0	
188	188	0	0		0	
189	189	0	0		0	
190	190	0	0		0	
191	191	0	0		0	
192	192	0	0		0	
193	193	0	0		0	
194	194	0	0		0	
195	195	0	0		0	
196	196	0	0		0	
197	197	0	0		0	
198	198	0	0		0	
199	199	0	0		0	
200	200	0	0		0	
201	201	0	0		0	
202	202	0	0		0	
203	203	0	0		0	
204	204	0	0		0	
205	205	0	0		0	
206	206	0	0		0	
207	207	0	0		0	
208	208	0	0		0	
209	209	0	0		0	
210	210	0	0		0	
211	211	0	0		0	
212	212	0	0		0	
213	213	0	0		0	
214	214	0	0		0	
215	215	0	0		0	
216	216	0	0		0	
217	217	0	0		0	
218	218	0	0		0	
219	219	0	0		0	
220	220	0	0		0	
221	221	0	0		0	
222	222	0	0		0	
223	223	0	0		0	
224	224	0	0		0	
225	225	0	0		0	
226	226	0	0		0	
227	227	0	0		0	
228	228	0	0		0	
229	229	0	0		0	
230	230	0	0		0	
231	231	0	0		0	
232	232	0	0		0	
233	233	0	0		0	
234	234	0	0		0	
235	235	0	0		0	
236	236	0	0		0	
237	237	0	0		0	
238	238	0	0		0	
239	239	0	0		0	
240	240	0	0		0	
241	241	0	0		0	
242	242	0	0		0	
243	243	0	0		0	
244	244	0	0		0	
245	245	0	0		0	
246	246	0	0		0	
247	247	0	0		0	
248	248	0	0		0	
249	249	0	0		0	
250	250	0	0		0	
251	251	0	0		0	
252	252	0	0		0	
253	253	0	0		0	
254	254	0	0		0	
255	255	0	0		0	
256	256	0	0		0	
257	257	0	0		0	
258	258	0	0		0	
259	259	0	0		0	
260	260	0	0		0	
261	261	0	0		0	
262	262	0	0		0	
263	263	0	0		0	
264	264	0	0		0	
265	265	0	0		0	
266	266	0	0		0	
267	267	0	0		0	
268	268	0	0		0	
269	269	0	0		0	
270	270	0	0		0	
271	271	0	0		0	
272	272	0	0		0	
273	273	0	0		0	
274	274	0	0		0	
275	275	0	0		0	
276	276	0	0		0	
277	277	0	0		0	
278	278	0	0		0	
279	279	0	0		0	
280	280	0	0		0	
281	281	0	0		0	
282	282	0	0		0	
283	283	0	0		0	
284	284	0	0		0	
285	285	0	0		0	
286	286	0	0		0	
287	287	0	0		0	
288	288	0	0		0	
289	289	0	0		0	
290	290	0	0		0	
291	291	0	0		0	
292	292	0	0		0	
293	293	0	0		0	
294	294	0	0		0	
295	295	0	0		0	
296	296	0	0		0	
297	297	0	0		0	
298	298	0	0		0	
299	299	0	0		0	
300	300	0	0		0	
301	301	0	0		0	
302	302	0	0		0	
303	303	0	0		0	
304	304	0	0		0	
305	305	0	0		0	
306	306	0	0		0	
307	307	0	0		0	
308	308	0	0		0	
309	309	0	0		0	
310	310	0	0		0	
311	311	0	0		0	
312	312	0	0		0	
313	313	0	0		0	
314	314	0	0		0	
315	315	0	0		0	
316	316	0	0		0	
317	317	0	0		0	
318	318	0	0		0	
319	319	0	0		0	
320	320	0	0		0	
321	321	0	0		0	
322	322	0	0		0	
323	323	0	0		0	
324	324	0	0		0	
325	325	0	0		0	
326	326	0	0		0	
327	327	0	0		0	
328	328	0	0		0	
329	329	0	0		0	
330	330	0	0		0	
331	331	0	0		0	
332	332	0	0		0	
333	333	0	0		0	
334	334	0	0		0	
335	335	0	0		0	
336	336	0	0		0	
337	337	0	0		0	
338	338	0	0		0	
339	339	0	0		0	
340	340	0	0		0	
341	341	0	0		0	
342	342	0	0		0	
343	343	0	0		0	
344	344	0	0		0	
345	345	0	0		0	
346	346	0	0		0	
347	347	0	0		0	
348	348	0	0		0	
349	349	0	0		0	
350	350	0	0		0	
351	351	0	0		0	
352	352	0	0		0	
353	353	0	0		0	
354	354	0	0		0	
355	355	0	0		0	
356	356	0	0		0	
357	357	0	0		0	
358	358	0	0		0	
359	359	0	0		0	
360	360	0	0		0	
361	361	0	0		0	
362	362	0	0		0	
363	363	0	0		0	
364	364	0	0		0	
365	365	0	0		0	
366	366	0	0.2		1.7045347462123	
367	367	0	0.2		3.61956630968092	
368	368	0	0.4	104.196	6.81839853586182	97.3776014641382
369	369	0	0	85.0952	5.32436060690584	79.7708393930942
370	370	0	1	48.024	11.5112686909987	36.5127313090013
371	371	0	0	54.9024	9.57515781734309	45.3272421826569
372	372	0	0.6	68.4872	12.5850916384799	55.9021083615201
373	373	0	0.2	64.261	7.44962943661816	56.8113705633818
374	374	0	0.4	96.5872	9.80699349579903	86.780206504201
375	375	0	0	65.6084	5.32436060690584	60.2840393930942
376	376	0	0	131.6624	2.98859495993721	128.673805040063
377	377	0	0	168.5746	0	168.5746
378	378	0	0	109.392	0	109.392
379	379	0	0	76.6548	0	76.6548
380	380	0	0	72.816	0	72.816
381	381	0	0	65.961	0	65.961
382	382	0	1.8	42.2664	15.3408127159107	26.9255872840893
383	383	0	0.2	48.104	18.9398188174299	29.1641811825701
384	384	0	0.2	50.5946	17.0682436293983	33.5263563706017
385	385	0	0	55.8344	3.40932904343722	52.4250709565628
386	386	0	0	52.857	1.4942974799686	51.3627025200314
387	387	0	0	60.6624	0	60.6624
388	388	0	0	58.744	0	58.744
389	389	0	0	64.1288	0	64.1288
390	390	0	0		0	
391	391	0	0		0	
392	392	0	0		0	
393	393	0	0		0	
394	394	0	0		0	
395	395	0	0		0	
396	396	0	0		0	
397	397	0	0		0	
398	398	0	0		0	
399	399	0	0		0	
400	400	0	0.6		5.1136042386369	
401	401	0	0		5.74509469040586	
402	402	0	1.8		19.8237051558165	
403	403	0	0		17.2352840712176	
404	404	0	0		13.4486773197174	
405	405	0	0		0	
406	406	0	10		85.226737310615	
407	407	0	0		95.751578173431	
408	408	0	0		74.7148739984302	
409	409	0	0.2		1.7045347462123	
410	410	0	1.6		15.551309533167	
411	411	0	0		16.8145499877176	
412	412	0	0		11.9543798397488	
413	413	0	0		0	
414	414	0	0		0	
415	415	0	0		0	
416	416	0	12.2		103.97661951895	
417	417	0	4		150.907620295832	
418	418	0	3.2		156.725333486854	
419	419	0	0.2		62.2309893610823	
420	420	0	0		25.8237912429663	
421	421	0	1.2		11.7215059572424	
422	422	0	5.4		57.5126275285438	
423	423	0	6.2		113.512214226046	
424	424	0	1.2		109.939218903953	
425	425	0	1.8		73.1542239757491	
426	426	0	1.2		36.428277428303	
427	427	0	1.4		36.8706099240152	
428	428	0	0.2		24.0755405703043	
429	429	0	0		12.3751139232488	
430	430	0	0		1.4942974799686	
431	431	0	0		0	
432	432	0	1.8		15.3408127159107	
433	433	0	0		17.2352840712176	
434	434	0	0		13.4486773197174	
435	435	0	0		0	
436	436	0	0		0	
437	437	0	0		0	
438	438	0	2.8		23.8634864469722	
439	439	0	0.2		28.514976634773	
440	440	0	0		22.8351962830291	
441	441	0	0		1.4942974799686	
442	442	0	0		0	
443	443	0	0		0	
444	444	0	0		0	
445	445	0	0		0	
446	446	0	0		0	
447	447	0	0		0	
448	448	0	0		0	
449	449	0	0.2		1.7045347462123	
450	450	0	0		1.91503156346862	
451	451	0	0		1.4942974799686	
452	452	0	0		0	
453	453	0	0		0	
454	454	0	0		0	
455	455	0	0		0	
456	456	0	0		0	
457	457	0	0		0	
458	458	0	0		0	
459	459	0	0		0	
460	460	0	0		0	
461	461	0	0		0	
462	462	0	0		0	
463	463	0	0		0	
464	464	0	0		0	
465	465	0	0		0	
466	466	0	0		0	
467	467	0	0		0	
468	468	0	0		0	
469	469	0	0		0	
470	470	0	0		0	
471	471	0	0		0	
472	472	0	0		0	
473	473	0	0		0	
474	474	0	0		0	
475	475	0	0		0	
476	476	0	0		0	
477	477	0	0		0	
478	478	0	0		0	
479	479	0	0		0	
480	480	0	0		0	
481	481	0	0		0	
482	482	0	0		0	
483	483	0	0		0	
484	484	0	0		0	
485	485	0	0		0	
486	486	0	0		0	
487	487	0	0		0	
488	488	0	0		0	
489	489	0	0		0	
490	490	0	0		0	
491	491	0	0		0	
492	492	0	0		0	
493	493	0	0		0	
494	494	0	0		0	
495	495	0	0		0	
496	496	0	0		0	
497	497	0	0		0	
498	498	0	0		0	
499	499	0	0		0	
500	500	0	0		0	
501	501	0	0		0	
502	502	0	0		0	
503	503	0	0		0	
504	504	0	0		0	
505	505	0	0		0	
506	506	0	0		0	
507	507	0	0		0	
508	508	0	0		0	
509	509	0	0		0	
510	510	0	0		0	
511	511	0	0		0	
512	512	0	0		0	
513	513	0	0		0	
514	514	0	0		0	
515	515	0	0		0	
516	516	0	0		0	
517	517	0	0		0	
518	518	0	0		0	
519	519	0	0		0	
520	520	0	0		0	
521	521	0	0		0	
522	522	0	0		0	
523	523	0	0		0	
524	524	0	0		0	
525	525	0	0		0	
526	526	0	0		0	
527	527	0	0		0	
528	528	0	0		0	
529	529	0	0		0	
530	530	0	0		0	
531	531	0	0		0	
532	532	0	0		0	
533	533	0	0		0	
534	534	0	0		0	
535	535	0	0		0	
536	536	0	0		0	
537	537	0	0		0	
538	538	0	0		0	
539	539	0	0		0	
540	540	0	0		0	
541	541	0	0		0	
542	542	0	0		0	
543	543	0	0		0	
544	544	0	0		0	
545	545	0	0		0	
546	546	0	0		0	
547	547	0	0		0	
548	548	0	0		0	
549	549	0	0		0	
550	550	0	0		0	
551	551	0	0		0	
552	552	0	0		0	
553	553	0	0		0	
554	554	0	0		0	
555	555	0	0		0	
556	556	0	0		0	
557	557	0	0		0	
558	558	0	0		0	
559	559	0	0		0	
560	560	0	0		0	
561	561	0	0		0	
562	562	0	0		0	
563	563	0	0		0	
564	564	0	0		0	
565	565	0	0		0	
566	566	0	0		0	
567	567	0	0		0	
568	568	0	0		0	
569	569	0	0		0	
570	570	0	0		0	
571	571	0	0		0	
572	572	0	0		0	
573	573	0	0		0	
574	574	0	0		0	
575	575	0	0		0	
576	576	0	0		0	
577	577	0	0		0	
578	578	0	0		0	
579	579	0	0		0	
580	580	0	0		0	
581	581	0	0		0	
582	582	0	0		0	
583	583	0	0		0	
584	584	0	0		0	
585	585	0	0		0	
586	586	0	0		0	
587	587	0	0		0	
588	588	0	0		0	
589	589	0	0		0	
590	590	0	0		0	
591	591	0	0		0	
592	592	0	0		0	
593	593	0	0		0	
594	594	0	0		0	
595	595	0	0		0	
596	596	0	0		0	
597	597	0	0		0	
598	598	0	0		0	
599	599	0	0		0	
600	600	0	0		0	
601	601	0	0		0	
602	602	0	0		0	
603	603	0	0		0	
604	604	0	0		0	
605	605	0	0		0	
606	606	0	0		0	
607	607	0	0		0	
608	608	0	0		0	
609	609	0	0		0	
610	610	0	0		0	
611	611	0	0		0	
612	612	0	0		0	
613	613	0	0		0	
614	614	0	0		0	
615	615	0	0		0	
616	616	0	0		0	
617	617	0	0		0	
618	618	0	0		0	
619	619	0	0		0	
620	620	0	0		0	
621	621	0	0		0	
622	622	0	0		0	
623	623	0	0		0	
624	624	0	0		0	
625	625	0	0		0	
626	626	0	0		0	
627	627	0	0		0	
628	628	0	0		0	
629	629	0	0		0	
630	630	0	0		0	
631	631	0	0		0	
632	632	0	0		0	
633	633	0	0		0	
634	634	0	0		0	
635	635	0	0		0	
636	636	0	0		0	
637	637	0	0		0	
638	638	0	0		0	
639	639	0	0		0	
640	640	0	0		0	
641	641	0	0		0	
642	642	0	0		0	
643	643	0	0		0	
644	644	0	0		0	
645	645	0	0		0	
646	646	0	0		0	
647	647	0	0		0	
648	648	0	0		0	
649	649	0	0		0	
650	650	0	0		0	
651	651	0	0		0	
652	652	0	0		0	
653	653	0	0		0	
654	654	0	0		0	
655	655	0	0		0	
656	656	0	0		0	
657	657	0	0		0	
658	658	0	0		0	
659	659	0	0		0	
660	660	0	0		0	
661	661	0	0		0	
662	662	0	0		0	
663	663	0	0		0	
664	664	0	0		0	
665	665	0	0		0	
666	666	0	0		0	
667	667	0	0		0	
668	668	0	0		0	
669	669	0	0		0	
670	670	0	0		0	
671	671	0	0		0	
672	672	0	0		0	
673	673	0	0		0	
674	674	0	0		0	
675	675	0	0		0	
676	676	0	0		0	
677	677	0	0		0	
678	678	0	0		0	
679	679	0	0		0	
680	680	0	0		0	
681	681	0	0		0	
682	682	0	0		0	
683	683	0	0		0	
684	684	0	0		0	
685	685	0	0		0	
686	686	0	0		0	
687	687	0	0		0	
688	688	0	0		0	
689	689	0	0		0	
690	690	0	0		0	
691	691	0	0		0	
692	692	0	0		0	
693	693	0	0		0	
694	694	0	0		0	
695	695	0	0		0	
696	696	0	0		0	
697	697	0	0		0	
698	698	0	0		0	
699	699	0	0		0	
700	700	0	0		0	
701	701	0	0		0	
702	702	0	0		0	
703	703	0	0		0	
704	704	0	0		0	
705	705	0	0		0	
706	706	0	0		0	
707	707	0	0		0	
708	708	0	0		0	
709	709	0	0		0	
710	710	0	0		0	
711	711	0	0		0	
712	712	0	0		0	
713	713	0	0		0	
714	714	0	0		0	
715	715	0	0		0	
716	716	0	0		0	
717	717	0	0		0	
718	718	0	0		0	
719	719	0	0		0	
720	720	0	0		0	
721	721	0	0		0	
722	722	0	0		0	
723	723	0	0		0	
724	724	0	0		0	
725	725	0	0		0	
726	726	0	0		0	
727	727	0	0		0	
728	728	0	0		0	
729	729	0	0		0	
730	730	0	0		0	
731	731	0	0		0	
732	732	0	0		0	
733	733	0	0		0	
734	734	0	0		0	
735	735	0	0		0	
736	736	0	0		0	
737	737	0	0	146.24	0	146.24
738	738	0	0	127.8816	0	127.8816
739	739	0	0	106.6176	0	106.6176
740	740	0	0	88.9728	0	88.9728
741	741	0	0	94.297	0	94.297
742	742	0	0	87.4356	0	87.4356
743	743	0	0	93.8304	0	93.8304
744	744	0	0	107.3	0	107.3
745	745	0	0	134.876	0	134.876
746	746	0	0	106.4532	0	106.4532
747	747	0	0	105.2352	0	105.2352
748	748	0	0	88.128	0	88.128
749	749	0	0	90.1934	0	90.1934
750	750	0	0	76.2482	0	76.2482
751	751	0	0	78.7104	0	78.7104
752	752	0	0	72.3048	0	72.3048
753	753	0	0	68.208	0	68.208
754	754	0	0.6	61.4922	5.1136042386369	56.3785957613631
755	755	0	0	63.6498	5.74509469040586	57.9047053095942
756	756	0	0	72.304	4.48289243990581	67.8211075600942
757	757	0	2.6	71.5068	22.1589517007599	49.3478482992401
758	758	0	0	71.2638	24.895410325092	46.368389674908
759	759	0	0	69.105	19.4258672395918	49.6791327604082
760	760	0	0.2	65.8656	1.7045347462123	64.1610652537877
761	761	0	0.2	75.1824	3.61956630968092	71.5628336903191
762	762	0	1	76.26	11.9320027744987	64.3279972255013
763	763	0	0.6	64.944	16.1830595359486	48.7609404640514
764	764	0	0	72.7674	13.2165820902489	59.5508179097511
765	765	0	0	86.427	4.48289243990581	81.9441075600942
766	766	0	0.2	78.7804	1.7045347462123	77.0758652537877
767	767	0	9.2	81.9336	80.3236298892344	1.60997011076562
768	768	0	7	119.8458	149.244465516956	-29.3986655169555
769	769	0	4.8	115.3922	176.672622709053	-61.2804227090526
770	770	0	7.2	209.8176	159.624420185791	50.1931798142093
771	771	0	0	100.7802	104.804275804117	-4.02407580411673
772	772	0	1.2	86.1152	64.0219177561435	22.0932822438565
773	773	0	0.4	82.62	14.8992588732363	67.7207411267637
774	774	0	2.6	79.002	34.9547997075088	44.0472002924913
775	775	0	0.4	87.9264	31.2930747774539	56.6333252225462
776	776	0	9.8	151.5514	106.778132930932	44.7732670690683
777	777	0	2.6	213.8626	118.984093270659	94.8785067293406
778	778	0	0.2	70.0946	99.8205215897659	-29.7259215897659
779	779	0	0		21.3408988030605	
780	780	0	0		1.4942974799686	
781	781	0	0		0	
782	782	0	0		0	
783	783	0	0		0	
784	784	0	0		0	
785	785	0	0		0	
786	786	0	0		0	
787	787	0	0		0	
788	788	0	0.2		1.7045347462123	
789	789	0	0.4		5.32410105589322	
790	790	0	0.6		10.4379648455427	
791	791	0	0.2		10.4382243965554	
792	792	0	0		6.39792400337443	
793	793	0	0		1.4942974799686	
794	794	0	0.2		1.7045347462123	
795	795	0	1		10.4377052945301	
796	796	0	0		11.0694552973117	
797	797	0	0.2		9.17602214605531	
798	798	0	0.4		5.32410105589322	
799	799	0	0		5.32436060690584	
800	800	0	0.2		4.69312970614951	
801	801	0	0		1.91503156346862	
802	802	0	0		1.4942974799686	
803	803	0	0		0	
804	804	0	0		0	
805	805	0	0		0	
806	806	0	0		0	
807	807	0	0		0	
808	808	0	0.2		1.7045347462123	
809	809	0	0		1.91503156346862	
810	810	0	3		27.0623186731531	
811	811	0	0.2		30.4300081982416	
812	812	0	0.8		31.1476327478469	
813	813	0	0.2		10.8589584800554	
814	814	0	0		7.89222148334303	
815	815	0	0		1.4942974799686	
816	816	0	2		17.045347462123	
817	817	0	0		19.1503156346862	
818	818	0	0		14.942974799686	
819	819	0	0		0	
820	820	0	0		0	
821	821	0	0		0	
822	822	0	0		0	
823	823	0	0		0	
824	824	0	0		0	
825	825	0	0		0	
826	826	0	0		0	
827	827	0	0		0	
828	828	0	0		0	
829	829	0	0		0	
830	830	0	0		0	
831	831	0	0		0	
832	832	0	0		0	
833	833	0	0		0	
834	834	0	0		0	
835	835	0	0		0	
836	836	0	0		0	
837	837	0	0		0	
838	838	0	0		0	
839	839	0	0		0	
840	840	0	0		0	
841	841	0	0		0	
842	842	0	0		0	
843	843	0	0		0	
844	844	0	0		0	
845	845	0	0		0	
846	846	0	0		0	
847	847	0	0		0	
848	848	0	0		0	
849	849	0	0		0	
850	850	0	0		0	
851	851	0	0		0	
852	852	0	0		0	
853	853	0	0		0	
854	854	0	0		0	
855	855	0	0		0	
856	856	0	0		0	
857	857	0	0		0	
858	858	0	0		0	
859	859	0	0		0	
860	860	0	0		0	
861	861	0	0		0	
862	862	0	0		0	
863	863	0	0		0	
864	864	0	0		0	
865	865	0	0		0	
866	866	0	0		0	
867	867	0	0		0	
868	868	0	0		0	
869	869	0	0		0	
870	870	0	0		0	
871	871	0	0		0	
872	872	0	0		0	
873	873	0	0		0	
874	874	0	0		0	
875	875	0	0		0	
876	876	0	0		0	
877	877	0	0		0	
878	878	0	0		0	
879	879	0	0		0	
880	880	0	0		0	
881	881	0	0		0	
882	882	0	0		0	
883	883	0	0		0	
884	884	0	0		0	
885	885	0	0		0	
886	886	0	0		0	
887	887	0	0		0	
888	888	0	0		0	
889	889	0	0		0	
890	890	0	0		0	
891	891	0	0		0	
892	892	0	0		0	
893	893	0	0		0	
894	894	0	0		0	
895	895	0	0		0	
896	896	0	0		0	
897	897	0	0		0	
898	898	0	0		0	
899	899	0	0		0	
900	900	0	0		0	
901	901	0	0		0	
902	902	0	0		0	
903	903	0	0		0	
904	904	0	0		0	
905	905	0	0		0	
906	906	0	0		0	
907	907	0	0		0	
908	908	0	0		0	
909	909	0	0		0	
910	910	0	0		0	
911	911	0	0		0	
912	912	0	0		0	
913	913	0	0		0	
914	914	0	0		0	
915	915	0	0		0	
916	916	0	0		0	
917	917	0	0		0	
918	918	0	0		0	
919	919	0	0		0	
920	920	0	0		0	
921	921	0	0		0	
922	922	0	0		0	
923	923	0	0		0	
924	924	0	0		0	
925	925	0	0		0	
926	926	0	0		0	
927	927	0	0		0	
928	928	0	0		0	
929	929	0	0		0	
930	930	0	0		0	
931	931	0	0		0	
932	932	0	0		0	
933	933	0	0		0	
934	934	0	0		0	
935	935	0	0		0	
936	936	0	0		0	
937	937	0	0		0	
938	938	0	0		0	
939	939	0	0		0	
940	940	0	0		0	
941	941	0	0		0	
942	942	0	0		0	
943	943	0	0		0	
944	944	0	0		0	
945	945	0	0		0	
946	946	0	0		0	
947	947	0	0		0	
948	948	0	0		0	
949	949	0	0		0	
950	950	0	0		0	
951	951	0	0		0	
952	952	0	0		0	
953	953	0	0		0	
954	954	0	0		0	
955	955	0	0		0	
956	956	0	0		0	
957	957	0	0		0	
958	958	0	0		0	
959	959	0	0		0	
960	960	0	0		0	
961	961	0	0		0	
962	962	0	0		0	
963	963	0	0		0	
964	964	0	0		0	
965	965	0	0		0	
966	966	0	0		0	
967	967	0	0		0	
968	968	0	0		0	
969	969	0	0		0	
970	970	0	0		0	
971	971	0	0		0	
972	972	0	0		0	
973	973	0	0		0	
974	974	0	0		0	
975	975	0	0		0	
976	976	0	0		0	
977	977	0	0		0	
978	978	0	0		0	
979	979	0	0		0	
980	980	0	0		0	
981	981	0	0		0	
982	982	0	0		0	
983	983	0	0		0	
984	984	0	0		0	
985	985	0	0		0	
986	986	0	0		0	
987	987	0	0		0	
988	988	0	0		0	
989	989	0	0		0	
990	990	0	0		0	
991	991	0	0		0	
992	992	0	0		0	
993	993	0	0		0	
994	994	0	0		0	
995	995	0	0		0	
996	996	0	0		0	
997	997	0	0		0	
998	998	0	0		0	
999	999	0	0		0	
1000	1000	0	0		0	
1001	1001	0	0		0	
1002	1002	0	0		0	
1003	1003	0	0		0	
1004	1004	0	0		0	
1005	1005	0	0		0	
1006	1006	0	0		0	
1007	1007	0	0		0	
1008	1008	0	0		0	
1009	1009	0	0		0	
1010	1010	0	0		0	
1011	1011	0	0		0	
1012	1012	0	0		0	
1013	1013	0	0		0	
1014	1014	0	0		0	
1015	1015	0	0		0	
1016	1016	0	0		0	
1017	1017	0	0		0	
1018	1018	0	0		0	
1019	1019	0	0		0	
1020	1020	0	0		0	
1021	1021	0	0		0	
1022	1022	0	0		0	
1023	1023	0	0		0	
1024	1024	0	0		0	
1025	1025	0	0		0	
1026	1026	0	0		0	
1027	1027	0	0		0	
1028	1028	0	0		0	
1029	1029	0	0		0	
1030	1030	0	0		0	
1031	1031	0	0		0	
1032	1032	0	0		0	
1033	1033	0	0		0	
1034	1034	0	0		0	
1035	1035	0	0		0	
1036	1036	0	0		0	
1037	1037	0	0		0	
1038	1038	0	0		0	
1039	1039	0	0		0	
1040	1040	0	0		0	
1041	1041	0	0		0	
1042	1042	0	0		0	
1043	1043	0	0		0	
1044	1044	0	0		0	
1045	1045	0	0		0	
1046	1046	0	0		0	
1047	1047	0	0		0	
1048	1048	0	0		0	
1049	1049	0	0		0	
1050	1050	0	0		0	
1051	1051	0	0		0	
1052	1052	0	0		0	
1053	1053	0	0		0	
1054	1054	0	0		0	
1055	1055	0	0		0	
1056	1056	0	0		0	
1057	1057	0	0		0	
1058	1058	0	0		0	
1059	1059	0	0		0	
1060	1060	0	0		0	
1061	1061	0	0		0	
1062	1062	0	0		0	
1063	1063	0	0		0	
1064	1064	0	0		0	
1065	1065	0	0		0	
1066	1066	0	0		0	
1067	1067	0	0		0	
1068	1068	0	0		0	
1069	1069	0	0		0	
1070	1070	0	0		0	
1071	1071	0	0		0	
1072	1072	0	0		0	
1073	1073	0	0		0	
1074	1074	0	0		0	
1075	1075	0	0		0	
1076	1076	0	0		0	
1077	1077	0	0		0	
1078	1078	0	0		0	
1079	1079	0	0		0	
1080	1080	0	0		0	
1081	1081	0	0		0	
1082	1082	0	0		0	
1083	1083	0	0		0	
1084	1084	0	0		0	
1085	1085	0	0		0	
1086	1086	0	0		0	
1087	1087	0	0		0	
1088	1088	0	0		0	
1089	1089	0	0		0	
1090	1090	0	0		0	
1091	1091	0	0		0	
1092	1092	0	0		0	
1093	1093	0	0		0	
1094	1094	0	0		0	
1095	1095	0	0		0	
1096	1096	0	0	59.49216	0	59.49216
1097	1097	0	0	186.068	0	186.068
1098	1098	0	0	255.4552	0	255.4552
1099	1099	0	3.4	228.246	28.9770906856091	199.268909314391
1100	1100	0	1.2	198.6048	42.7827450562403	155.82205494376
1101	1101	0	0.2	160.436	38.5977812864903	121.83821871351
1102	1102	0	0	147.4364	10.8808164432802	136.55558355672
1103	1103	0	0	222.222	1.4942974799686	220.727702520031
1104	1104	0	0	236.8168	0	236.8168
1105	1105	0	0	114.0672	0	114.0672
1106	1106	0	0	43.296	0	43.296
1107	1107	0	0	96.876	0	96.876
1108	1108	0	0	83.0844	0	83.0844
1109	1109	0	0	70.812	0	70.812
1110	1110	0	0	58.397	0	58.397
1111	1111	0	0	20.0128	0	20.0128
1112	1112	0	0	57.812	0	57.812
1113	1113	0	0	57.2416	0	57.2416
1114	1114	0	0	50.1818	0	50.1818
1115	1115	0	0	39.7328	0	39.7328
1116	1116	0	0	28.9366	0	28.9366
1117	1117	0	0	55.818	0	55.818
1118	1118	0	0	60.388	0	60.388
1119	1119	0	0	69.9352	0	69.9352
1120	1120	0	0	66.351	0	66.351
1121	1121	0	0	22.705	0	22.705
1122	1122	0	0	55.3722	0	55.3722
1123	1123	0	2	40.9024	17.045347462123	23.857052537877
1124	1124	0	0.2	20.7552	20.8548503808985	-0.0996503808984883
1125	1125	0	0	46.8864	16.8580063631546	30.0283936368454
1126	1126	0	0	53.0978	1.4942974799686	51.6035025200314
1127	1127	0	2.8	52.5504	23.8634864469722	28.6869135530278
1128	1128	0	0.2	33.8964	28.514976634773	5.38142336522704
1129	1129	0	2.2		41.5850784913644	
1130	1130	0	0.2	36.9216	24.2641794243357	12.6574205756643
1131	1131	0	0		18.3523038431233	
1132	1132	0	0		1.4942974799686	
1133	1133	0	0		0	
1134	1134	0	0		0	
1135	1135	0	0.2		1.7045347462123	
1136	1136	0	2.2	51.3549473684211	20.6649137718039	30.6900335966172
1137	1137	0	0	52.5504	22.5596446781234	29.9907553218766
1138	1138	0	0		16.4372722796546	
1139	1139	0	0		0	
1140	1140	0	0		0	
1141	1141	0	0		0	
1142	1142	0	0		0	
1143	1143	0	0		0	
1144	1144	0	0.6		5.1136042386369	
1145	1145	0	0.4		9.15416418283045	
1146	1146	0	0		8.31295556684305	
1147	1147	0	0		2.98859495993721	
1148	1148	0	6		51.136042386369	
1149	1149	0	3		83.0189680972431	
1150	1150	0	0		73.5543978510874	
1151	1151	0	0		22.414462199529	
1152	1152	0	0.2		1.7045347462123	
1153	1153	0	0		1.91503156346862	
1154	1154	0	0		1.4942974799686	
1155	1155	0	0		0	
1156	1156	0	0.2		1.7045347462123	
1157	1157	0	0.2		3.61956630968092	
1158	1158	0	0		3.40932904343722	
1159	1159	0	0		1.4942974799686	
1160	1160	0	0		0	
1161	1161	0	0		0	
1162	1162	0	0		0	
1163	1163	0	0		0	
1164	1164	0	0		0	
1165	1165	0	0		0	
1166	1166	0	0		0	
1167	1167	0	0		0	
1168	1168	0	4		34.090694924246	
1169	1169	0	0.2		40.0051660155847	
1170	1170	0	0		31.8009811628407	
1171	1171	0	0		1.4942974799686	
1172	1172	0	0.2		1.7045347462123	
1173	1173	0	0		1.91503156346862	
1174	1174	0	0		1.4942974799686	
1175	1175	0	0		0	
1176	1176	0	2		17.045347462123	
1177	1177	0	0.4		22.5593851271108	
1178	1178	0	0.2		20.4775726728356	
1179	1179	0	0		4.90362652340582	
1180	1180	0	0.2		3.1988322261809	
1181	1181	0	0		1.91503156346862	
1182	1182	0	0		1.4942974799686	
1183	1183	0	0		0	
1184	1184	0	0		0	
1185	1185	0	0		0	
1186	1186	0	0		0	
1187	1187	0	0		0	
1188	1188	0	0		0	
1189	1189	0	0		0	
1190	1190	0	0		0	
1191	1191	0	0		0	
1192	1192	0	0		0	
1193	1193	0	0		0	
1194	1194	0	0		0	
1195	1195	0	0		0	
1196	1196	0	0		0	
1197	1197	0	0		0	
1198	1198	0	0		0	
1199	1199	0	0		0	
1200	1200	0	0		0	
1201	1201	0	0		0	
1202	1202	0	0		0	
1203	1203	0	0		0	
1204	1204	0	0		0	
1205	1205	0	0		0	
1206	1206	0	0		0	
1207	1207	0	0		0	
1208	1208	0	0		0	
1209	1209	0	0		0	
1210	1210	0	0		0	
1211	1211	0	0		0	
1212	1212	0	0		0	
1213	1213	0	0		0	
1214	1214	0	0		0	
1215	1215	0	0		0	
1216	1216	0	0		0	
1217	1217	0	0		0	
1218	1218	0	0		0	
1219	1219	0	0		0	
1220	1220	0	0		0	
1221	1221	0	0		0	
1222	1222	0	0		0	
1223	1223	0	0		0	
1224	1224	0	0		0	
1225	1225	0	0		0	
1226	1226	0	0		0	
1227	1227	0	0		0	
1228	1228	0	0		0	
1229	1229	0	0		0	
1230	1230	0	0		0	
1231	1231	0	0		0	
1232	1232	0	0		0	
1233	1233	0	0		0	
1234	1234	0	0		0	
1235	1235	0	0		0	
1236	1236	0	0		0	
1237	1237	0	0		0	
1238	1238	0	0		0	
1239	1239	0	0		0	
1240	1240	0	0		0	
1241	1241	0	0		0	
1242	1242	0	0		0	
1243	1243	0	0		0	
1244	1244	0	0		0	
1245	1245	0	0		0	
1246	1246	0	0		0	
1247	1247	0	0		0	
1248	1248	0	0		0	
1249	1249	0	0		0	
1250	1250	0	0		0	
1251	1251	0	0		0	
1252	1252	0	0		0	
1253	1253	0	0		0	
1254	1254	0	0		0	
1255	1255	0	0		0	
1256	1256	0	0		0	
1257	1257	0	0		0	
1258	1258	0	0		0	
1259	1259	0	0		0	
1260	1260	0	0		0	
1261	1261	0	0		0	
1262	1262	0	0		0	
1263	1263	0	0		0	
1264	1264	0	0		0	
1265	1265	0	0		0	
1266	1266	0	0		0	
1267	1267	0	0		0	
1268	1268	0	0		0	
1269	1269	0	0		0	
1270	1270	0	0		0	
1271	1271	0	0		0	
1272	1272	0	0		0	
1273	1273	0	0		0	
1274	1274	0	0		0	
1275	1275	0	0		0	
1276	1276	0	0		0	
1277	1277	0	0		0	
1278	1278	0	0		0	
1279	1279	0	0		0	
1280	1280	0	0		0	
1281	1281	0	0		0	
1282	1282	0	0		0	
1283	1283	0	0		0	
1284	1284	0	0		0	
1285	1285	0	0		0	
1286	1286	0	0		0	
1287	1287	0	0		0	
1288	1288	0	0		0	
1289	1289	0	0		0	
1290	1290	0	0		0	
1291	1291	0	0		0	
1292	1292	0	0		0	
1293	1293	0	0		0	
1294	1294	0	0		0	
1295	1295	0	0		0	
1296	1296	0	0		0	
1297	1297	0	0		0	
1298	1298	0	0		0	
1299	1299	0	0		0	
1300	1300	0	0		0	
1301	1301	0	0		0	
1302	1302	0	0		0	
1303	1303	0	0		0	
1304	1304	0	0		0	
1305	1305	0	0		0	
1306	1306	0	0		0	
1307	1307	0	0		0	
1308	1308	0	0		0	
1309	1309	0	0		0	
1310	1310	0	0		0	
1311	1311	0	0		0	
1312	1312	0	0		0	
1313	1313	0	0		0	
1314	1314	0	0		0	
1315	1315	0	0		0	
1316	1316	0	0		0	
1317	1317	0	0		0	
1318	1318	0	0		0	
1319	1319	0	0		0	
1320	1320	0	0		0	
1321	1321	0	0		0	
1322	1322	0	0		0	
1323	1323	0	0		0	
1324	1324	0	0		0	
1325	1325	0	0		0	
1326	1326	0	0		0	
1327	1327	0	0		0	
1328	1328	0	0		0	
1329	1329	0	0		0	
1330	1330	0	0		0	
1331	1331	0	0		0	
1332	1332	0	0		0	
1333	1333	0	0		0	
1334	1334	0	0		0	
1335	1335	0	0		0	
1336	1336	0	0		0	
1337	1337	0	0		0	
1338	1338	0	0		0	
1339	1339	0	0		0	
1340	1340	0	0		0	
1341	1341	0	0		0	
1342	1342	0	0		0	
1343	1343	0	0		0	
1344	1344	0	0		0	
1345	1345	0	0		0	
1346	1346	0	0		0	
1347	1347	0	0		0	
1348	1348	0	0		0	
1349	1349	0	0		0	
1350	1350	0	0		0	
1351	1351	0	0		0	
1352	1352	0	0		0	
1353	1353	0	0		0	
1354	1354	0	0		0	
1355	1355	0	0		0	
1356	1356	0	0		0	
1357	1357	0	0		0	
1358	1358	0	0		0	
1359	1359	0	0		0	
1360	1360	0	0		0	
1361	1361	0	0		0	
1362	1362	0	0		0	
1363	1363	0	0		0	
1364	1364	0	0		0	
1365	1365	0	0		0	
1366	1366	0	0		0	
1367	1367	0	0		0	
1368	1368	0	0		0	
1369	1369	0	0		0	
1370	1370	0	0		0	
1371	1371	0	0		0	
1372	1372	0	0		0	
1373	1373	0	0		0	
1374	1374	0	0		0	
1375	1375	0	0		0	
1376	1376	0	0		0	
1377	1377	0	0		0	
1378	1378	0	0		0	
1379	1379	0	0		0	
1380	1380	0	0		0	
1381	1381	0	0		0	
1382	1382	0	0		0	
1383	1383	0	0		0	
1384	1384	0	0		0	
1385	1385	0	0		0	
1386	1386	0	0		0	
1387	1387	0	0		0	
1388	1388	0	0		0	
1389	1389	0	0		0	
1390	1390	0	0		0	
1391	1391	0	0		0	
1392	1392	0	0		0	
1393	1393	0	0		0	
1394	1394	0	0		0	
1395	1395	0	0		0	
1396	1396	0	0		0	
1397	1397	0	0		0	
1398	1398	0	0		0	
1399	1399	0	0		0	
1400	1400	0	0		0	
1401	1401	0	0		0	
1402	1402	0	0		0	
1403	1403	0	0		0	
1404	1404	0	0		0	
1405	1405	0	0		0	
1406	1406	0	0		0	
1407	1407	0	0		0	
1408	1408	0	0		0	
1409	1409	0	0		0	
1410	1410	0	0		0	
1411	1411	0	0		0	
1412	1412	0	0		0	
1413	1413	0	0		0	
1414	1414	0	0		0	
1415	1415	0	0		0	
1416	1416	0	0		0	
1417	1417	0	0		0	
1418	1418	0	0		0	
1419	1419	0	0		0	
1420	1420	0	0		0	
1421	1421	0	0		0	
1422	1422	0	0		0	
1423	1423	0	0		0	
1424	1424	0	0		0	
1425	1425	0	0		0	
1426	1426	0	0		0	
1427	1427	0	0		0	
1428	1428	0	0		0	
1429	1429	0	0		0	
1430	1430	0	0		0	
1431	1431	0	0		0	
1432	1432	0	0		0	
1433	1433	0	0		0	
1434	1434	0	0		0	
1435	1435	0	0		0	
1436	1436	0	0		0	
1437	1437	0	0		0	
1438	1438	0	0		0	
1439	1439	0	0		0	
1440	1440	0	0		0	
1441	1441	0	0		0	
1442	1442	0	0		0	
1443	1443	0	0		0	
1444	1444	0	0		0	
1445	1445	0	0		0	
1446	1446	0	0		0	
1447	1447	0	0		0	
1448	1448	0	0		0	
1449	1449	0	0		0	
1450	1450	0	0		0	
1451	1451	0	0		0	
1452	1452	0	0		0	
1453	1453	0	0		0	
1454	1454	0	0		0	
1455	1455	0	0		0	
1456	1456	0	0		0	
1457	1457	0	0		0	
1458	1458	0	0		0	
1459	1459	0	0.2		1.7045347462123	
1460	1460	0	0.6		7.02863580210552	
1461	1461	0	0		7.23939217037446	
1462	1462	0	0		4.48289243990581	
1463	1463	0	0		0	
1464	1464	0	1.8		15.3408127159107	
1465	1465	0	0.2		18.9398188174299	
1466	1466	0	0		15.363708883186	
1467	1467	0	0		1.4942974799686	
1468	1468	0	0		0	
1469	1469	0	0		0	
1470	1470	0	0.8		6.8181389848492	
1471	1471	0	0		7.66012625387448	
1472	1472	0	0		5.97718991987441	
1473	1473	0	0		0	
1474	1474	0	0		0	
1475	1475	0	0		0	
1476	1476	0	0		0	
1477	1477	0	0.2		1.7045347462123	
1478	1478	0	5.2		46.2329349649884	
1479	1479	0	1.6		64.9213960998511	
1480	1480	0	6.8		112.126168358151	
1481	1481	0	2.4		97.5198699522295	
1482	1482	0	0		73.7864930805559	
1483	1483	0	0		17.9315697596232	
1484	1484	0	0		0	
1485	1485	0	0		0	
1486	1486	0	0		0	
1487	1487	0	0		0	
1488	1488	0	0		0	
1489	1489	0	0		0	
1490	1490	0	0		0	
1491	1491	0	0		0	
1492	1492	0	0		0	
1493	1493	0	0		0	
1494	1494	0	0		0	
1495	1495	0	0		0	
1496	1496	0	0		0	
1497	1497	0	0		0	
1498	1498	0	0		0	
1499	1499	0	0		0	
1500	1500	0	0.4		3.4090694924246	
1501	1501	0	0.4		7.23913261936184	
1502	1502	0	0		6.81865808687444	
1503	1503	0	0		2.98859495993721	
1504	1504	0	0		0	
1505	1505	0	0		0	
1506	1506	0	0		0	
1507	1507	0	0		0	
1508	1508	0	0		0	
1509	1509	0	0		0	
1510	1510	0	0		0	
1511	1511	0	0		0	
1512	1512	0	0		0	
1513	1513	0	0.6		5.1136042386369	
1514	1514	0	0		5.74509469040586	
1515	1515	0	0.8		11.301031424755	
1516	1516	0	0		7.66012625387448	
1517	1517	0	1.4		17.9089331433605	
1518	1518	0	1		21.9278946753418	
1519	1519	0	0		20.0352401771233	
1520	1520	0	0		7.47148739984301	
1521	1521	0	0		0	
1522	1522	0	0		0	
1523	1523	0	0		0	
1524	1524	0	0		0	
1525	1525	0	0		0	
1526	1526	0	0		0	
1527	1527	0	0		0	
1528	1528	0	0		0	
1529	1529	0	0		0	
1530	1530	0	4.8		40.9088339090952	
1531	1531	0	0.2		47.6652922694592	
1532	1532	0	0		37.7781710827151	
1533	1533	0	2		18.5396449420916	
1534	1534	0	1.2		29.37752411196	
1535	1535	0	0.2		28.13769892671	
1536	1536	0	0		10.8808164432802	
1537	1537	0	0		1.4942974799686	
1538	1538	0	0		0	
1539	1539	0	0		0	
1540	1540	0	0		0	
1541	1541	0	0		0	
1542	1542	0	0		0	
1543	1543	0	0		0	
1544	1544	0	0.2		1.7045347462123	
1545	1545	0	0		1.91503156346862	
1546	1546	0	0.2		3.1988322261809	
1547	1547	0	0		1.91503156346862	
1548	1548	0	0		1.4942974799686	
1549	1549	0	0		0	
1550	1550	0	0		0	
1551	1551	0	0		0	
1552	1552	0	6.4		54.5451118787936	
1553	1553	0	0		61.2810100309958	
1554	1554	0	0		47.8175193589953	
1555	1555	0	0		0	
1556	1556	0	0		0	
1557	1557	0	0		0	
1558	1558	0	0		0	
1559	1559	0	0		0	
1560	1560	0	0		0	
1561	1561	0	0		0	
1562	1562	0	0		0	
1563	1563	0	0		0	
1564	1564	0	0		0	
1565	1565	0	0		0	
1566	1566	0	0		0	
1567	1567	0	0		0	
1568	1568	0	0		0	
1569	1569	0	0		0	
1570	1570	0	0		0	
1571	1571	0	0		0	
1572	1572	0	0		0	
1573	1573	0	0		0	
1574	1574	0	0		0	
1575	1575	0	0		0	
1576	1576	0	0		0	
1577	1577	0	0		0	
1578	1578	0	0		0	
1579	1579	0	0		0	
1580	1580	0	0		0	
1581	1581	0	0		0	
1582	1582	0	0		0	
1583	1583	0	0		0	
1584	1584	0	0		0	
1585	1585	0	0		0	
1586	1586	0	0		0	
1587	1587	0	0		0	
1588	1588	0	0		0	
1589	1589	0	0		0	
1590	1590	0	0		0	
1591	1591	0	0		0	
1592	1592	0	0		0	
1593	1593	0	0		0	
1594	1594	0	0		0	
1595	1595	0	0		0	
1596	1596	0	0		0	
1597	1597	0	0		0	
1598	1598	0	0		0	
1599	1599	0	0		0	
1600	1600	0	0		0	
1601	1601	0	0		0	
1602	1602	0	0		0	
1603	1603	0	0		0	
1604	1604	0	0		0	
1605	1605	0	0		0	
1606	1606	0	0		0	
1607	1607	0	0		0	
1608	1608	0	0		0	
1609	1609	0	0		0	
1610	1610	0	0		0	
1611	1611	0	0		0	
1612	1612	0	0		0	
1613	1613	0	0		0	
1614	1614	0	0		0	
1615	1615	0	0		0	
1616	1616	0	0		0	
1617	1617	0	0		0	
1618	1618	0	0		0	
1619	1619	0	0		0	
1620	1620	0	0		0	
1621	1621	0	0		0	
1622	1622	0	0		0	
1623	1623	0	0		0	
1624	1624	0	0		0	
1625	1625	0	0		0	
1626	1626	0	0		0	
1627	1627	0	0		0	
1628	1628	0	0		0	
1629	1629	0	0		0	
1630	1630	0	0		0	
1631	1631	0	0		0	
1632	1632	0	0		0	
1633	1633	0	0		0	
1634	1634	0	0		0	
1635	1635	0	0		0	
1636	1636	0	0		0	
1637	1637	0	0		0	
1638	1638	0	0		0	
1639	1639	0	0		0	
1640	1640	0	0		0	
1641	1641	0	0		0	
1642	1642	0	0		0	
1643	1643	0	0		0	
1644	1644	0	0		0	
1645	1645	0	0		0	
1646	1646	0	0		0	
1647	1647	0	0		0	
1648	1648	0	0		0	
1649	1649	0	0		0	
1650	1650	0	0		0	
1651	1651	0	0		0	
1652	1652	0	0		0	
1653	1653	0	0		0	
1654	1654	0	0		0	
1655	1655	0	0		0	
1656	1656	0	0		0	
1657	1657	0	0		0	
1658	1658	0	0		0	
1659	1659	0	0		0	
1660	1660	0	0		0	
1661	1661	0	0		0	
1662	1662	0	0		0	
1663	1663	0	0		0	
1664	1664	0	0		0	
1665	1665	0	0		0	
1666	1666	0	0		0	
1667	1667	0	0		0	
1668	1668	0	0		0	
1669	1669	0	0		0	
1670	1670	0	0		0	
1671	1671	0	0		0	
1672	1672	0	0		0	
1673	1673	0	0		0	
1674	1674	0	0		0	
1675	1675	0	0		0	
1676	1676	0	0		0	
1677	1677	0	0		0	
1678	1678	0	0		0	
1679	1679	0	0		0	
1680	1680	0	0		0	
1681	1681	0	0		0	
1682	1682	0	0		0	
1683	1683	0	0		0	
1684	1684	0	0		0	
1685	1685	0	0		0	
1686	1686	0	0		0	
1687	1687	0	0		0	
1688	1688	0	0		0	
1689	1689	0	0		0	
1690	1690	0	0		0	
1691	1691	0	0		0	
1692	1692	0	0		0	
1693	1693	0	0		0	
1694	1694	0	0		0	
1695	1695	0	0		0	
1696	1696	0	0		0	
1697	1697	0	0		0	
1698	1698	0	0		0	
1699	1699	0	0		0	
1700	1700	0	0		0	
1701	1701	0	0		0	
1702	1702	0	0		0	
1703	1703	0	0		0	
1704	1704	0	0		0	
1705	1705	0	0		0	
1706	1706	0	0		0	
1707	1707	0	0		0	
1708	1708	0	0		0	
1709	1709	0	0		0	
1710	1710	0	0		0	
1711	1711	0	0		0	
1712	1712	0	0		0	
1713	1713	0	0		0	
1714	1714	0	0		0	
1715	1715	0	0		0	
1716	1716	0	0		0	
1717	1717	0	0		0	
1718	1718	0	0		0	
1719	1719	0	0		0	
1720	1720	0	0		0	
1721	1721	0	0		0	
1722	1722	0	0		0	
1723	1723	0	0		0	
1724	1724	0	0		0	
1725	1725	0	0		0	
1726	1726	0	0		0	
1727	1727	0	0		0	
1728	1728	0	0		0	
1729	1729	0	0		0	
1730	1730	0	0		0	
1731	1731	0	0		0	
1732	1732	0	0		0	
1733	1733	0	0		0	
1734	1734	0	0		0	
1735	1735	0	0		0	
1736	1736	0	0		0	
1737	1737	0	0		0	
1738	1738	0	0		0	
1739	1739	0	0		0	
1740	1740	0	0		0	
1741	1741	0	0		0	
1742	1742	0	0		0	
1743	1743	0	0		0	
1744	1744	0	0		0	
1745	1745	0	0		0	
1746	1746	0	0		0	
1747	1747	0	0		0	
1748	1748	0	0		0	
1749	1749	0	0		0	
1750	1750	0	0		0	
1751	1751	0	0		0	
1752	1752	0	0		0	
1753	1753	0	0		0	
1754	1754	0	0		0	
1755	1755	0	0		0	
1756	1756	0	0		0	
1757	1757	0	0		0	
1758	1758	0	0		0	
1759	1759	0	0		0	
1760	1760	0	0		0	
1761	1761	0	0		0	
1762	1762	0	0		0	
1763	1763	0	0		0	
1764	1764	0	0		0	
1765	1765	0	0		0	
1766	1766	0	0		0	
1767	1767	0	0		0	
1768	1768	0	0		0	
1769	1769	0	0		0	
1770	1770	0	0		0	
1771	1771	0	0		0	
1772	1772	0	0		0	
1773	1773	0	0		0	
1774	1774	0	0		0	
1775	1775	0	0		0	
1776	1776	0	0		0	
1777	1777	0	0		0	
1778	1778	0	0		0	
1779	1779	0	0		0	
1780	1780	0	0		0	
1781	1781	0	0		0	
1782	1782	0	0		0	
1783	1783	0	0		0	
1784	1784	0	0		0	
1785	1785	0	0		0	
1786	1786	0	0		0	
1787	1787	0	0		0	
1788	1788	0	0		0	
1789	1789	0	0		0	
1790	1790	0	0		0	
1791	1791	0	0		0	
1792	1792	0	0		0	
1793	1793	0	0		0	
1794	1794	0	0		0	
1795	1795	0	0		0	
1796	1796	0	0		0	
1797	1797	0	0		0	
1798	1798	0	0		0	
1799	1799	0	0		0	
1800	1800	0	0		0	
1801	1801	0	0		0	
1802	1802	0	0		0	
1803	1803	0	0		0	
1804	1804	0	0		0	
1805	1805	0	0		0	
1806	1806	0	0		0	
1807	1807	0	0		0	
1808	1808	0	0		0	
1809	1809	0	0		0	
1810	1810	0	0		0	
1811	1811	0	0		0	
1812	1812	0	0		0	
1813	1813	0	0		0	
1814	1814	0	0		0	
1815	1815	0	0		0	
1816	1816	0	0		0	
1817	1817	0	0		0	
1818	1818	0	0		0	
1819	1819	0	0.6		5.1136042386369	
1820	1820	0	2.8		29.6085811373781	
1821	1821	0	0		31.2933343284665	
1822	1822	0	0	673.92	20.9201647195604	652.99983528044
1823	1823	0	0		0	
1824	1824	0	0		0	
1825	1825	0	0		0	
1826	1826	0	0	278.01504	0	278.01504
1827	1827	1	0	277.398	0	277.398
1828	1828	1	0	298.9992	0	298.9992
1829	1829	1	0	246.0456	0	246.0456
1830	1830	1	0	50.154	0	50.154
1831	1831	1	0	18.6462	0	18.6462
1832	1832	1	0	12.2162	0	12.2162
1833	1833	1	0	12.7332	0	12.7332
1834	1834	1	0	26.5968	0	26.5968
1835	1835	1	0	24.7038	0	24.7038
1836	1836	1	0	31.352	0	31.352
1837	1837	1	0	33.1362	0	33.1362
1838	1838	1	0	27.656	0	27.656
1839	1839	1	0.2	31.656	1.7045347462123	29.9514652537877
1840	1840	1	0	33.0296	1.91503156346862	31.1145684365314
1841	1841	1	0	37.6608	1.4942974799686	36.1665025200314
1842	1842	1	0	35.9268	0	35.9268
1843	1843	1	0	37.6032	0	37.6032
1844	1844	1	0	37.6766	0	37.6766
1845	1845	1	0	16.5274	0	16.5274
1846	1846	1	0	13.1612	0	13.1612
1847	1847	1	0	13.1976	0	13.1976
1848	1848	1	0	14.989	0	14.989
1849	1849	1	0	1.153	0	1.153
1850	1850	1	0	10.377	0	10.377
1851	1851	1	1	10.377	8.5226737310615	1.8543262689385
1852	1852	1	0	8.071	9.57515781734309	-1.50415781734309
1853	1853	1	0	5.765	7.47148739984301	-1.70648739984301
1854	1854	1	0	13.836	0	13.836
1855	1855	1	8.6	61.7674	73.2949940871289	-11.5275940871289
1856	1856	1	0.8	45.8216	89.1644962139998	-43.3428962139998
1857	1857	1	0	9.224	71.9149178925244	-62.6909178925244
1858	1858	1	0	4.612	5.97718991987441	-1.36518991987441
1859	1859	1	0.2	6.918	1.7045347462123	5.2134652537877
1860	1860	1	0	8.071	1.91503156346862	6.15596843653138
1861	1861	1	0	8.071	1.4942974799686	6.5767025200314
1862	1862	1	0	11.53	0	11.53
1863	1863	1	0	13.836	0	13.836
1864	1864	1	1.6	40.1184	13.6362779696984	26.4821220303016
1865	1865	1	0	52.8264	15.320252507749	37.5061474922511
1866	1866	1	0.2	44.8188	13.6589145859611	31.1598854140389
1867	1867	1	0	42.35	1.91503156346862	40.4349684365314
1868	1868	1	0.8	43.4772	8.3124364648178	35.1647635351822
1869	1869	1	0.2	62.4988	9.36466100008677	53.1341389999132
1870	1870	1	5.8	434.792	57.3237291234997	377.4682708765
1871	1871	1	0	561.3312	57.0302128205585	504.300987179442
1872	1872	0	0		43.3346269190895	
1873	1873	0	0		0	
1874	1874	0	0		0	
1875	1875	0	0		0	
1876	1876	0	0		0	
1877	1877	0	0		0	
1878	1878	0	0		0	
1879	1879	0	0		0	
1880	1880	0	0		0	
1881	1881	0	0		0	
1882	1882	0	0		0	
1883	1883	0	0		0	
1884	1884	0	0		0	
1885	1885	0	0		0	
1886	1886	0	0		0	
1887	1887	0	0		0	
1888	1888	0	0		0	
1889	1889	0	0		0	
1890	1890	0	0		0	
1891	1891	0	0		0	
1892	1892	0	0		0	
1893	1893	0	0		0	
1894	1894	0	0		0	
1895	1895	0	0		0	
1896	1896	0	0		0	
1897	1897	0	0		0	
1898	1898	0	0		0	
1899	1899	0	0		0	
1900	1900	0	0		0	
1901	1901	0	0		0	
1902	1902	0	0		0	
1903	1903	0	0		0	
1904	1904	0	0		0	
1905	1905	0	0		0	
1906	1906	0	0		0	
1907	1907	0	0		0	
1908	1908	0	0		0	
1909	1909	0	0		0	
1910	1910	0	0		0	
1911	1911	0	0		0	
1912	1912	0	0		0	
1913	1913	0	0		0	
1914	1914	0	0		0	
1915	1915	0	0		0	
1916	1916	0	0		0	
1917	1917	0	0		0	
1918	1918	0	0		0	
1919	1919	0	0		0	
1920	1920	0	0		0	
1921	1921	0	0		0	
1922	1922	0	0		0	
1923	1923	0	0		0	
1924	1924	0	0		0	
1925	1925	0	0		0	
1926	1926	0	0		0	
1927	1927	0	0		0	
1928	1928	0	0		0	
1929	1929	0	0		0	
1930	1930	0	0		0	
1931	1931	0	0		0	
1932	1932	0	0		0	
1933	1933	0	0		0	
1934	1934	0	0		0	
1935	1935	0	0		0	
1936	1936	0	0		0	
1937	1937	0	0		0	
1938	1938	0	0		0	
1939	1939	0	0		0	
1940	1940	0	0		0	
1941	1941	0	0		0	
1942	1942	0	0		0	
1943	1943	0	0		0	
1944	1944	0	0		0	
1945	1945	0	0		0	
1946	1946	0	0		0	
1947	1947	0	0		0	
1948	1948	0	0		0	
1949	1949	0	0		0	
1950	1950	0	0		0	
1951	1951	0	0		0	
1952	1952	0	0		0	
1953	1953	0	0		0	
1954	1954	0	0		0	
1955	1955	0	0		0	
1956	1956	0	0		0	
1957	1957	0	0		0	
1958	1958	0	0		0	
1959	1959	0	0		0	
1960	1960	0	0		0	
1961	1961	0	0		0	
1962	1962	0	0		0	
1963	1963	0	0		0	
1964	1964	0	0		0	
1965	1965	0	0		0	
1966	1966	0	0		0	
1967	1967	0	0		0	
1968	1968	0	0		0	
1969	1969	0	0		0	
1970	1970	0	0		0	
1971	1971	0	0		0	
1972	1972	0	0		0	
1973	1973	0	0		0	
1974	1974	0	0		0	
1975	1975	0	0		0	
1976	1976	0	0		0	
1977	1977	0	0		0	
1978	1978	0	0		0	
1979	1979	0	0		0	
1980	1980	0	0		0	
1981	1981	0	0		0	
1982	1982	0	0		0	
1983	1983	0	0		0	
1984	1984	0	0		0	
1985	1985	0	0		0	
1986	1986	0	0		0	
1987	1987	0	0		0	
1988	1988	0	0		0	
1989	1989	0	0		0	
1990	1990	0	0		0	
1991	1991	0	0		0	
1992	1992	0	0		0	
1993	1993	0	0		0	
1994	1994	0	0		0	
1995	1995	0	0		0	
1996	1996	0	0		0	
1997	1997	0	0		0	
1998	1998	0	0		0	
1999	1999	0	0		0	
2000	2000	0	0		0	
2001	2001	0	0		0	
2002	2002	0	0		0	
2003	2003	0	0		0	
2004	2004	0	0		0	
2005	2005	0	0		0	
2006	2006	0	0		0	
2007	2007	0	0		0	
2008	2008	0	0		0	
2009	2009	0	0		0	
2010	2010	0				
2011	2011	0				
2012	2012	0				
2013	2013	0				
2014	2014	0				
2015	2015	0				
2016	2016	0				
2017	2017	0				
2018	2018	0				
2019	2019	0				
2020	2020	0				
2021	2021	0				
2022	2022	0				
2023	2023	0				
2024	2024	0				
2025	2025	0				
2026	2026	0				
2027	2027	0				
2028	2028	0				
2029	2029	0				
2030	2030	0				
2031	2031	0				
2032	2032	0				
2033	2033	0				
2034	2034	0				
2035	2035	0				
2036	2036	0				
2037	2037	0				
2038	2038	0				
2039	2039	0				
2040	2040	0				
2041	2041	0				
2042	2042	0				
2043	2043	0				
2044	2044	0				
2045	2045	0				
2046	2046	0				
2047	2047	0				
2048	2048	0				
2049	2049	0				
2050	2050	0				
2051	2051	0				
2052	2052	0				
2053	2053	0				
2054	2054	0				
2055	2055	0				
2056	2056	0				
2057	2057	0				
2058	2058	0				
2059	2059	0				
2060	2060	0				
2061	2061	0				
2062	2062	0				
2063	2063	0				
2064	2064	0				
2065	2065	0				
2066	2066	0				
2067	2067	0				
2068	2068	0				
2069	2069	0				
2070	2070	0				
2071	2071	0				
2072	2072	0				
2073	2073	0				
2074	2074	0				
2075	2075	0				
2076	2076	0				
2077	2077	0				
2078	2078	0				
2079	2079	0				
2080	2080	0				
2081	2081	0				
2082	2082	0				
2083	2083	0				
2084	2084	0				
2085	2085	0				
2086	2086	0				
2087	2087	0				
2088	2088	0				
2089	2089	0				
2090	2090	0				
2091	2091	0				
2092	2092	0				
2093	2093	0				
2094	2094	0				
2095	2095	0				
2096	2096	0				
2097	2097	0				
2098	2098	0				
2099	2099	0				
2100	2100	0				
2101	2101	0				
2102	2102	0				
2103	2103	0				
2104	2104	0				
2105	2105	0				
2106	2106	0				
2107	2107	0				
2108	2108	0				
2109	2109	0				
2110	2110	0				
2111	2111	0				
2112	2112	0				
2113	2113	0				
2114	2114	0				
2115	2115	0				
2116	2116	0				
2117	2117	0				
2118	2118	0				
2119	2119	0				
2120	2120	0				
2121	2121	0				
2122	2122	0				
2123	2123	0				
2124	2124	0				
2125	2125	0				
2126	2126	0				
2127	2127	0				
2128	2128	0				
2129	2129	0				
2130	2130	0				
2131	2131	0				
2132	2132	0				
2133	2133	0				
2134	2134	0				
2135	2135	0				
2136	2136	0				
2137	2137	0				
2138	2138	0				
2139	2139	0				
2140	2140	0				
2141	2141	0				
2142	2142	0				
2143	2143	0				
2144	2144	0				
2145	2145	0				
2146	2146	0				
2147	2147	0				
2148	2148	0				
2149	2149	0				
2150	2150	0				
2151	2151	0				
2152	2152	0				
2153	2153	0				
2154	2154	0				
2155	2155	0				
2156	2156	0				
2157	2157	0				
2158	2158	0				
2159	2159	0				
2160	2160	0				
2161	2161	0				
2162	2162	0				
2163	2163	0				
2164	2164	0				
2165	2165	0				
2166	2166	0	0			
2167	2167	0	0			
2168	2168	0	0		0	
2169	2169	0	0		0	
2170	2170	0	0		0	
2171	2171	0	0		0	
2172	2172	0	0		0	
2173	2173	0	0		0	
2174	2174	0	0		0	
2175	2175	0	0		0	
2176	2176	0	0		0	
2177	2177	0	0		0	
2178	2178	0	0		0	
2179	2179	0	0		0	
2180	2180	0	0		0	
2181	2181	0	0		0	
2182	2182	0	0		0	
2183	2183	0	0		0	
2184	2184	0	0		0	
2185	2185	0	0		0	
2186	2186	0	0		0	
2187	2187	0	0		0	
2188	2188	0	0		0	
2189	2189	0	0		0	
2190	2190	0	0		0	
2191	2191	0	0		0	
2192	2192	0	0		0	
2193	2193	0	0		0	
2194	2194	0	0		0	
2195	2195	0	0		0	
2196	2196	0	0.8		6.8181389848492	
2197	2197	0	0		7.66012625387448	
2198	2198	0	0.2		7.68172466608671	
2199	2199	0	0		1.91503156346862	
2200	2200	0	0		1.4942974799686	
2201	2201	0	0		0	
2202	2202	0	0		0	
2203	2203	0	0		0	
2204	2204	0	0		0	
2205	2205	0	0		0	
2206	2206	0	0		0	
2207	2207	0	0		0	
2208	2208	0	0.8		6.8181389848492	
2209	2209	0	0		7.66012625387448	
2210	2210	0	4.8		46.8860238289696	
2211	2211	0	0.2		47.6652922694592	
2212	2212	0	0		37.7781710827151	
2213	2213	0	0		1.4942974799686	
2214	2214	0	0		0	
2215	2215	0	0		0	
2216	2216	0	0.2		1.7045347462123	
2217	2217	0	0		1.91503156346862	
2218	2218	0	13.6		117.402660222405	
2219	2219	0	2.8		154.085632762838	
2220	2220	0	0		128.422670526426	
2221	2221	0	1.6		34.5564426892588	
2222	2222	0	0		15.320252507749	
2223	2223	0	1.4		23.8861230632349	
2224	2224	0	0.2		15.1097556904926	
2225	2225	0	0		12.3751139232488	
2226	2226	0	0.2		3.1988322261809	
2227	2227	0	0		1.91503156346862	
2228	2228	0	0		1.4942974799686	
2229	2229	0	0		0	
2230	2230	0	0		0	
2231	2231	0	0		0	
2232	2232	0	0		0	
2233	2233	0	0		0	
2234	2234	0	1.2		10.2272084772738	
2235	2235	0	6.4		66.0353012596053	
2236	2236	0	0.2		71.9513296570197	
2237	2237	0	0		49.7325509224639	
2238	2238	0	0		1.4942974799686	
2239	2239	0	0		0	
2240	2240	0	0		0	
2241	2241	0	0.2		1.7045347462123	
2242	2242	0	1		10.4377052945301	
2243	2243	0	0.2		12.773990043524	
2244	2244	0	0.2		11.0910537095239	
2245	2245	0	0.2		5.11386378964952	
2246	2246	0	0.2		5.11386378964952	
2247	2247	0	0		3.40932904343722	
2248	2248	0	3.8		33.8804576580023	
2249	2249	0	1		44.9082734369653	
2250	2250	0	0		37.9668099367465	
2251	2251	0	0		7.47148739984301	
2252	2252	0	0		0	
2253	2253	0	0		0	
2254	2254	0	0		0	
2255	2255	0	0		0	
2256	2256	0	4.2		35.7952296704583	
2257	2257	0	0		40.215662832841	
2258	2258	0	0		31.3802470793407	
2259	2259	0	0		0	
2260	2260	0	0		0	
2261	2261	0	0		0	
2262	2262	0	0		0	
2263	2263	0	0		0	
2264	2264	0	0		0	
2265	2265	0	0		0	
2266	2266	0	0		0	
2267	2267	0	0		0	
2268	2268	0	0		0	
2269	2269	0	0		0	
2270	2270	0	0		0	
2271	2271	0	0		0	
2272	2272	0	0		0	
2273	2273	0	0		0	
2274	2274	0	0		0	
2275	2275	0	0		0	
2276	2276	0	0		0	
2277	2277	0	0		0	
2278	2278	0	0		0	
2279	2279	0	0		0	
2280	2280	0	0		0	
2281	2281	0	0		0	
2282	2282	0	0		0	
2283	2283	0	0		0	
2284	2284	0	0		0	
2285	2285	0	0		0	
2286	2286	0	0		0	
2287	2287	0	0		0	
2288	2288	0	0		0	
2289	2289	0	0		0	
2290	2290	0	0		0	
2291	2291	0	0		0	
2292	2292	0	0		0	
2293	2293	0	0		0	
2294	2294	0	0		0	
2295	2295	0	0		0	
2296	2296	0	0		0	
2297	2297	0	0		0	
2298	2298	0	0		0	
2299	2299	0	0		0	
2300	2300	0	0		0	
2301	2301	0	0		0	
2302	2302	0	0		0	
2303	2303	0	0		0	
2304	2304	0	0		0	
2305	2305	0	0		0	
2306	2306	0	0		0	
2307	2307	0	0		0	
2308	2308	0	0		0	
2309	2309	0	0		0	
2310	2310	0	0		0	
2311	2311	0	0		0	
2312	2312	0	0		0	
2313	2313	0	0		0	
2314	2314	0	0		0	
2315	2315	0	0		0	
2316	2316	0	0		0	
2317	2317	0	0		0	
2318	2318	0	0		0	
2319	2319	0	0		0	
2320	2320	0	0		0	
2321	2321	0	0		0	
2322	2322	0	0		0	
2323	2323	0	0		0	
2324	2324	0	0		0	
2325	2325	0	0		0	
2326	2326	0	0		0	
2327	2327	0	0		0	
2328	2328	0	0		0	
2329	2329	0	0		0	
2330	2330	0	0		0	
2331	2331	0	0		0	
2332	2332	0	0		0	
2333	2333	0	0		0	
2334	2334	0	0		0	
2335	2335	0	0		0	
2336	2336	0	0		0	
2337	2337	0	0		0	
2338	2338	0	0		0	
2339	2339	0	0		0	
2340	2340	0	0		0	
2341	2341	0	0		0	
2342	2342	0	0		0	
2343	2343	0	0		0	
2344	2344	0	0		0	
2345	2345	0	0		0	
2346	2346	0	0		0	
2347	2347	0	0		0	
2348	2348	0	0		0	
2349	2349	0	0		0	
2350	2350	0	0		0	
2351	2351	0	0		0	
2352	2352	0	0		0	
2353	2353	0	0		0	
2354	2354	0	0		0	
2355	2355	0	0		0	
2356	2356	0	0		0	
2357	2357	0	0		0	
2358	2358	0	0		0	
2359	2359	0	0		0	
2360	2360	0	0		0	
2361	2361	0	0		0	
2362	2362	0	0		0	
2363	2363	0	0		0	
2364	2364	0	0		0	
2365	2365	0	0		0	
2366	2366	0	0		0	
2367	2367	0	0		0	
2368	2368	0	0		0	
2369	2369	0	0		0	
2370	2370	0	0		0	
2371	2371	0	0		0	
2372	2372	0	0		0	
2373	2373	0	0		0	
2374	2374	0	0		0	
2375	2375	0	0		0	
2376	2376	0	0		0	
2377	2377	0	0		0	
2378	2378	0	0		0	
2379	2379	0	0		0	
2380	2380	0	0		0	
2381	2381	0	0		0	
2382	2382	0	0		0	
2383	2383	0	0		0	
2384	2384	0	0		0	
2385	2385	0	0		0	
2386	2386	0	0		0	
2387	2387	0	0		0	
2388	2388	0	0		0	
2389	2389	0	0		0	
2390	2390	0	0		0	
2391	2391	0	0		0	
2392	2392	0	0		0	
2393	2393	0	0		0	
2394	2394	0	0		0	
2395	2395	0	0		0	
2396	2396	0	0		0	
2397	2397	0	0		0	
2398	2398	0	0		0	
2399	2399	0	0		0	
2400	2400	0	0		0	
2401	2401	0	0		0	
2402	2402	0	0		0	
2403	2403	0	0		0	
2404	2404	0	0		0	
2405	2405	0	0		0	
2406	2406	0	0		0	
2407	2407	0	0		0	
2408	2408	0	0		0	
2409	2409	0	0		0	
2410	2410	0	0		0	
2411	2411	0	0		0	
2412	2412	0	0		0	
2413	2413	0	0		0	
2414	2414	0	0		0	
2415	2415	0	0		0	
2416	2416	0	0		0	
2417	2417	0	0		0	
2418	2418	0	0		0	
2419	2419	0	0		0	
2420	2420	0	0		0	
2421	2421	0	0		0	
2422	2422	0	0		0	
2423	2423	0	0		0	
2424	2424	0	0		0	
2425	2425	0	0		0	
2426	2426	0	0		0	
2427	2427	0	0		0	
2428	2428	0	0		0	
2429	2429	0	0		0	
2430	2430	0	0		0	
2431	2431	0	0		0	
2432	2432	0	0		0	
2433	2433	0	0		0	
2434	2434	0	0		0	
2435	2435	0	0		0	
2436	2436	0	0		0	
2437	2437	0	0		0	
2438	2438	0	0		0	
2439	2439	0	0		0	
2440	2440	0	0		0	
2441	2441	0	0		0	
2442	2442	0	0		0	
2443	2443	0	0		0	
2444	2444	0	0		0	
2445	2445	0	0		0	
2446	2446	0	0		0	
2447	2447	0	0		0	
2448	2448	0	0		0	
2449	2449	0	0		0	
2450	2450	0	0		0	
2451	2451	0	0		0	
2452	2452	0	0		0	
2453	2453	0	0		0	
2454	2454	0	0		0	
2455	2455	0	0		0	
2456	2456	0	0		0	
2457	2457	0	0		0	
2458	2458	0	0		0	
2459	2459	0	0		0	
2460	2460	0	0		0	
2461	2461	0	0		0	
2462	2462	0	0		0	
2463	2463	0	0		0	
2464	2464	0	0		0	
2465	2465	0	0		0	
2466	2466	0	0		0	
2467	2467	0	0		0	
2468	2468	0	0		0	
2469	2469	0	0		0	
2470	2470	0	0		0	
2471	2471	0	0		0	
2472	2472	0	0		0	
2473	2473	0	0		0	
2474	2474	0	0		0	
2475	2475	0	0		0	
2476	2476	0	0		0	
2477	2477	0	0		0	
2478	2478	0	0		0	
2479	2479	0	0		0	
2480	2480	0	0		0	
2481	2481	0	0		0	
2482	2482	0	0		0	
2483	2483	0	0		0	
2484	2484	0	0		0	
2485	2485	0	0		0	
2486	2486	0	0		0	
2487	2487	0	0		0	
2488	2488	0	0		0	
2489	2489	0	0		0	
2490	2490	0	0		0	
2491	2491	0	0		0	
2492	2492	0	0		0	
2493	2493	0	0		0	
2494	2494	0	0		0	
2495	2495	0	0		0	
2496	2496	0	0		0	
2497	2497	0	0		0	
2498	2498	0	0		0	
2499	2499	0	0		0	
2500	2500	0	0		0	
2501	2501	0	0		0	
2502	2502	0	0		0	
2503	2503	0	0		0	
2504	2504	0	0		0	
2505	2505	0	0		0	
2506	2506	0	0		0	
2507	2507	0	0		0	
2508	2508	0	0		0	
2509	2509	0	0		0	
2510	2510	0	0		0	
2511	2511	0	0		0	
2512	2512	0	0		0	
2513	2513	0	0		0	
2514	2514	0	0		0	
2515	2515	0	0		0	
2516	2516	0	0		0	
2517	2517	0	0		0	
2518	2518	0	0		0	
2519	2519	0	0		0	
2520	2520	0	0		0	
2521	2521	0	0		0	
2522	2522	0	0		0	
2523	2523	0	0		0	
2524	2524	0	0		0	
2525	2525	0	0		0	
2526	2526	0	0		0	
2527	2527	0	0		0	
2528	2528	0	0		0	
2529	2529	0	0		0	
2530	2530	0	0		0	
2531	2531	0	0		0	
2532	2532	0	0		0	
2533	2533	0	0		0	
2534	2534	0	0		0	
2535	2535	0	0		0	
2536	2536	0	0		0	
2537	2537	0	0		0	
2538	2538	0	0		0	
2539	2539	0	0		0	
2540	2540	0	0		0	
2541	2541	0	0		0	
2542	2542	0	0		0	
2543	2543	0	0		0	
2544	2544	0	0		0	
2545	2545	0	0		0	
2546	2546	0	0		0	
2547	2547	0	0		0	
2548	2548	0	0		0	
2549	2549	0	0		0	
2550	2550	0	0		0	
2551	2551	0	0		0	
2552	2552	0	0		0	
2553	2553	0	0		0	
2554	2554	0	0		0	
2555	2555	0	0		0	
2556	2556	0	0		0	
2557	2557	0	0		0	
2558	2558	0	0		0	
2559	2559	0	0		0	
2560	2560	0	0		0	
2561	2561	0	0	0	0	0
2562	2562	1	0	0	0	0
2563	2563	1	0	0	0	0
2564	2564	1	0	196.6648	0	196.6648
2565	2565	1	0	97.8096	0	97.8096
2566	2566	1	0	96.5864	0	96.5864
2567	2567	1	0	101.1296	0	101.1296
2568	2568	1	0	75.816	0	75.816
2569	2569	1	0	52.3566	0	52.3566
2570	2570	1	0	45.059	0	45.059
2571	2571	1	0.4	57.6096	3.4090694924246	54.2005305075754
2572	2572	1	0	28.992	3.83006312693724	25.1619368730628
2573	2573	1	0	28.2816	2.98859495993721	25.2930050400628
2574	2574	1	0	30.3456	0	30.3456
2575	2575	1	0	38.5824	0	38.5824
2576	2576	1	0	42.528	0	42.528
2577	2577	1	0	0	0	0
2578	2578	1	0	0	0	0
2579	2579	1	0	7.62240000000001	0	7.62240000000001
2580	2580	1	0	9.73440000000001	0	9.73440000000001
2581	2581	1	0	41.3856	0	41.3856
2582	2582	1	0	41.1648	0	41.1648
2583	2583	1	0	43.6320000000001	0	43.6320000000001
2584	2584	1	0	41.7024	0	41.7024
2585	2585	1	0	41.2512	0	41.2512
2586	2586	1	0	40.7424	0	40.7424
2587	2587	1	0	44.4	0	44.4
2588	2588	1	0	45.4464000000001	0	45.4464000000001
2589	2589	1	1	42.2976000000001	8.5226737310615	33.7749262689386
2590	2590	1	2.6	40.656	31.734109518103	8.92189048189706
2591	2591	1	0.6	40.896	37.480501963572	3.41549803642808
2592	2592	1	0.4	44.4672000000001	28.5800314224223	15.8871685775778
2593	2593	1	0.2	43.5456	10.0174903130553	33.5281096869447
2594	2594	1	0	41.2128000000001	4.90362652340582	36.3091734765942
2595	2595	1	0	43.3440000000001	1.4942974799686	41.8497025200314
2596	2596	1	0	58.2528000000001	0	58.2528000000001
2597	2597	1	0	49.0944000000001	0	49.0944000000001
2598	2598	1	0.2	56.4000000000001	1.7045347462123	54.6954652537878
2599	2599	1	0	53.1456000000001	1.91503156346862	51.2305684365314
2600	2600	1	2.8	54.1344000000001	25.3577839269408	28.7766160730593
2601	2601	1	0	46.4256000000001	26.8104418885607	19.6151581114394
2602	2602	1	0	70.4832000000001	20.9201647195604	49.5630352804396
2603	2603	1	1.6	64.7808000000001	13.6362779696984	51.1445220303017
2604	2604	1	0.2	66.6720000000001	17.0247872539613	49.6472127460388
2605	2605	1	1	64.3392000000001	22.3920851342789	41.9471148657211
2606	2606	1	0.2	71.3856000000001	12.773990043524	58.6116099564761
2607	2607	1	0.2	63.3816000000001	11.0910537095239	52.2905462904761
2608	2608	1	0.2	65.4720000000001	5.11386378964952	60.3581362103506
2609	2609	1	0	65.8560000000001	3.40932904343722	62.4466709565628
2610	2610	1	0.6	54.2112	6.6079017186055	47.6032982813945
2611	2611	0	0.4		9.15416418283045	
2612	2612	0	0		8.31295556684305	
2613	2613	0	0.2		4.69312970614951	
2614	2614	0	0		1.91503156346862	
2615	2615	0	0		1.4942974799686	
2616	2616	0	0		0	
2617	2617	0	0		0	
2618	2618	0	0		0	
2619	2619	0	0		0	
2620	2620	0	0		0	
2621	2621	0	0		0	
2622	2622	0	0		0	
2623	2623	0	0		0	
2624	2624	0	0		0	
2625	2625	0	0		0	
2626	2626	0	0		0	
2627	2627	0	0		0	
2628	2628	0	0		0	
2629	2629	0	0.2		1.7045347462123	
2630	2630	0	0		1.91503156346862	
2631	2631	0	0.2		3.1988322261809	
2632	2632	0	0.2		3.61956630968092	
2633	2633	0	1.4		15.3410722669233	
2634	2634	0	0		14.8995184242489	
2635	2635	0	0.2		12.1646171059925	
2636	2636	0	0.2		3.61956630968092	
2637	2637	0	0		3.40932904343722	
2638	2638	0	0		1.4942974799686	
2639	2639	0	0		0	
2640	2640	0	0		0	
2641	2641	0	1.6		13.6362779696984	
2642	2642	0	0		15.320252507749	
2643	2643	0	0		11.9543798397488	
2644	2644	0	0		0	
2645	2645	0	0		0	
2646	2646	0	0		0	
2647	2647	0	0		0	
2648	2648	0	0		0	
2649	2649	0	0		0	
2650	2650	0	0		0	
2651	2651	0	0		0	
2652	2652	0	0		0	
2653	2653	0	0		0	
2654	2654	0	0		0	
2655	2655	0	0		0	
2656	2656	0	0		0	
2657	2657	0	0		0	
2658	2658	0	0		0	
2659	2659	0	0		0	
2660	2660	0	0		0	
2661	2661	0	0		0	
2662	2662	0	0		0	
2663	2663	0	0		0	
2664	2664	0	0		0	
2665	2665	0	0		0	
2666	2666	0	0		0	
2667	2667	0	0		0	
2668	2668	0	0		0	
2669	2669	0	0		0	
2670	2670	0	0		0	
2671	2671	0	0		0	
2672	2672	0	0		0	
2673	2673	0	0		0	
2674	2674	0	0		0	
2675	2675	0	0		0	
2676	2676	0	0		0	
2677	2677	0	0		0	
2678	2678	0	0		0	
2679	2679	0	0		0	
2680	2680	0	0		0	
2681	2681	0	0		0	
2682	2682	0	0		0	
2683	2683	0	0		0	
2684	2684	0	0		0	
2685	2685	0	0		0	
2686	2686	0	0		0	
2687	2687	0	0		0	
2688	2688	0	0		0	
2689	2689	0	0		0	
2690	2690	0	0		0	
2691	2691	0	0		0	
2692	2692	0	0		0	
2693	2693	0	0		0	
2694	2694	0	0		0	
2695	2695	0	0		0	
2696	2696	0	0		0	
2697	2697	0	0		0	
2698	2698	0	0		0	
2699	2699	0	0		0	
2700	2700	0	0		0	
2701	2701	0	0		0	
2702	2702	0	0		0	
2703	2703	0	0		0	
2704	2704	0	0		0	
2705	2705	0	0		0	
2706	2706	0	0		0	
2707	2707	0	0		0	
2708	2708	0	0		0	
2709	2709	0	0		0	
2710	2710	0	0		0	
2711	2711	0	0		0	
2712	2712	0	0		0	
2713	2713	0	0		0	
2714	2714	0	0		0	
2715	2715	0	0		0	
2716	2716	0	0		0	
2717	2717	0	0		0	
2718	2718	0	0		0	
2719	2719	0	0		0	
2720	2720	0	0		0	
2721	2721	0	0		0	
2722	2722	0	0		0	
2723	2723	0	0		0	
2724	2724	0	0		0	
2725	2725	0	0		0	
2726	2726	0	0		0	
2727	2727	0	0		0	
2728	2728	0	0		0	
2729	2729	0	0		0	
2730	2730	0	0		0	
2731	2731	0	0		0	
2732	2732	0	0		0	
2733	2733	0	0		0	
2734	2734	0	0		0	
2735	2735	0	0		0	
2736	2736	0	0		0	
2737	2737	0	0		0	
2738	2738	0	0		0	
2739	2739	0	0		0	
2740	2740	0	0		0	
2741	2741	0	0		0	
2742	2742	0	0		0	
2743	2743	0	0		0	
2744	2744	0	0		0	
2745	2745	0	0		0	
2746	2746	0	0		0	
2747	2747	0	0		0	
2748	2748	0	0		0	
2749	2749	0	0		0	
2750	2750	0	0		0	
2751	2751	0	0		0	
2752	2752	0	0		0	
2753	2753	0	0		0	
2754	2754	0	0		0	
2755	2755	0	0		0	
2756	2756	0	0		0	
2757	2757	0	0		0	
2758	2758	0	0		0	
2759	2759	0	0		0	
2760	2760	0	0		0	
2761	2761	0	0		0	
2762	2762	0	0		0	
2763	2763	0	0		0	
2764	2764	0	0		0	
2765	2765	0	0		0	
2766	2766	0	0		0	
2767	2767	0	0		0	
2768	2768	0	0		0	
2769	2769	0	0		0	
2770	2770	0	0		0	
2771	2771	0	0		0	
2772	2772	0	0		0	
2773	2773	0	0		0	
2774	2774	0	0		0	
2775	2775	0	0		0	
2776	2776	0	0		0	
2777	2777	0	0		0	
2778	2778	0	0		0	
2779	2779	0	0		0	
2780	2780	0	0		0	
2781	2781	0	0		0	
2782	2782	0	0		0	
2783	2783	0	0		0	
2784	2784	0	0		0	
2785	2785	0	0		0	
2786	2786	0	0		0	
2787	2787	0	0		0	
2788	2788	0	0		0	
2789	2789	0	0		0	
2790	2790	0	0		0	
2791	2791	0	0		0	
2792	2792	0	0		0	
2793	2793	0	0		0	
2794	2794	0	0		0	
2795	2795	0	0		0	
2796	2796	0	0		0	
2797	2797	0	0		0	
2798	2798	0	0		0	
2799	2799	0	0		0	
2800	2800	0	0		0	
2801	2801	0	0		0	
2802	2802	0	0		0	
2803	2803	0	0		0	
2804	2804	0	0		0	
2805	2805	0	0		0	
2806	2806	0	0		0	
2807	2807	0	0		0	
2808	2808	0	0		0	
2809	2809	0	0		0	
2810	2810	0	0		0	
2811	2811	0	0		0	
2812	2812	0	0		0	
2813	2813	0	0		0	
2814	2814	0	0		0	
2815	2815	0	0		0	
2816	2816	0	0		0	
2817	2817	0	0		0	
2818	2818	0	0		0	
2819	2819	0	0		0	
2820	2820	0	0		0	
2821	2821	0	0		0	
2822	2822	0	0		0	
2823	2823	0	0		0	
2824	2824	0	0		0	
2825	2825	0	0		0	
2826	2826	0	0		0	
2827	2827	0	0		0	
2828	2828	0	0		0	
2829	2829	0	0		0	
2830	2830	0	0		0	
2831	2831	0	0		0	
2832	2832	0	0		0	
2833	2833	0	0		0	
2834	2834	0	0		0	
2835	2835	0	0		0	
2836	2836	0	0		0	
2837	2837	0	0		0	
2838	2838	0	0		0	
2839	2839	0	0		0	
2840	2840	0	0		0	
2841	2841	0	0		0	
2842	2842	0	0		0	
2843	2843	0	0		0	
2844	2844	0	0		0	
2845	2845	0	0		0	
2846	2846	0	0		0	
2847	2847	0	0		0	
2848	2848	0	0		0	
2849	2849	0	0		0	
2850	2850	0	0		0	
2851	2851	0	0		0	
2852	2852	0	0		0	
2853	2853	0	0		0	
2854	2854	0	0		0	
2855	2855	0	0		0	
2856	2856	0	0		0	
2857	2857	0	0		0	
2858	2858	0	0		0	
2859	2859	0	0		0	
2860	2860	0	0		0	
2861	2861	0	0		0	
2862	2862	0	0		0	
2863	2863	0	0		0	
2864	2864	0	0		0	
2865	2865	0	0		0	
2866	2866	0	0		0	
2867	2867	0	0		0	
2868	2868	0	0		0	
2869	2869	0	0		0	
2870	2870	0	0		0	
2871	2871	0	0		0	
2872	2872	0	0		0	
2873	2873	0	0		0	
2874	2874	0	0		0	
2875	2875	0	0		0	
2876	2876	0	0		0	
2877	2877	0	0		0	
2878	2878	0	0		0	
2879	2879	0	0		0	
2880	2880	0	0		0	
2881	2881	0	0		0	
2882	2882	0	0		0	
2883	2883	0	0		0	
2884	2884	0	0		0	
2885	2885	0	0		0	
2886	2886	0	0		0	
2887	2887	0	0		0	
2888	2888	0	0		0	
2889	2889	0	0		0	
2890	2890	0	0		0	
2891	2891	0	0		0	
2892	2892	0	0		0	
2893	2893	0	0		0	
2894	2894	0	0		0	
2895	2895	0	0		0	
2896	2896	0	0		0	
2897	2897	0	0		0	
2898	2898	0	0		0	
2899	2899	0	0		0	
2900	2900	0	0.8		6.8181389848492	
2901	2901	0	0		7.66012625387448	
2902	2902	0	0		5.97718991987441	
2903	2903	0	0		0	
2904	2904	0	0		0	
2905	2905	0	0		0	
2906	2906	0	0		0	
2907	2907	0	0		0	
2908	2908	0	0		0	
2909	2909	0	0		0	
2910	2910	0	0		0	
2911	2911	0	0		0	
2912	2912	0	0		0	
2913	2913	0	0		0	
2914	2914	0	0		0	
2915	2915	0	0		0	
2916	2916	0	0		0	
2917	2917	0	0		0	
2918	2918	0	0		0	
2919	2919	0	0		0	
2920	2920	0	0		0	
2921	2921	0	0		0	
2922	2922	0	0		0	
2923	2923	0	0		0	
2924	2924	0	0.6		5.1136042386369	
2925	2925	0	0		5.74509469040586	
2926	2926	0	0		4.48289243990581	
2927	2927	0	0		0	
2928	2928	0	0		0	
2929	2929	0	0		0	
2930	2930	0	2		17.045347462123	
2931	2931	0	0.2		20.8548503808985	
2932	2932	0	0		16.8580063631546	
2933	2933	0	1.8		16.8351101958793	
2934	2934	0	7.2		78.5985349348603	
2935	2935	0	0.6		87.5034178432246	
2936	2936	0	0		59.5398039692756	
2937	2937	0	0		4.48289243990581	
2938	2938	0	0		0	
2939	2939	0	0		0	
2940	2940	0	0		0	
2941	2941	0	0		0	
2942	2942	0	0		0	
2943	2943	0	0		0	
2944	2944	0	1.2		10.2272084772738	
2945	2945	0	0.8		18.3083283656609	
2946	2946	0	0.2		18.3304458798984	
2947	2947	0	0.2		9.59675622955533	
2948	2948	0	0.2		5.11386378964952	
2949	2949	0	0		3.40932904343722	
2950	2950	0	0.2		3.1988322261809	
2951	2951	0	0.2		3.61956630968092	
2952	2952	0	0		3.40932904343722	
2953	2953	0	0		1.4942974799686	
2954	2954	0	0		0	
2955	2955	0	0		0	
2956	2956	0	0		0	
2957	2957	0	0		0	
2958	2958	0	0		0	
2959	2959	0	0		0	
2960	2960	0	0		0	
2961	2961	0	0		0	
2962	2962	0	0		0	
2963	2963	0	0		0	
2964	2964	0	1.6		13.6362779696984	
2965	2965	0	2		32.365599969872	
2966	2966	0	0.2		32.8092302206473	
2967	2967	0	0		16.8580063631546	
2968	2968	0	0		1.4942974799686	
2969	2969	0	0		0	
2970	2970	0	0		0	
2971	2971	0	0		0	
2972	2972	0	0.8		6.8181389848492	
2973	2973	0	3.6		38.3417516856959	
2974	2974	0	1.6		54.084036032008	
2975	2975	0	0.2		43.9221418933961	
2976	2976	0	0.8		20.6875503880666	
2977	2977	0	0.2		10.8589584800554	
2978	2978	0	0		7.89222148334303	
2979	2979	0	0		1.4942974799686	
2980	2980	0	0		0	
2981	2981	0	0		0	
2982	2982	0	0.4		3.4090694924246	
2983	2983	0	0.4		7.23913261936184	
2984	2984	0	0.2		8.52319283308674	
2985	2985	0	0		4.90362652340582	
2986	2986	0	0.4		4.9033669723932	
2987	2987	0	0.2		5.53459787314954	
2988	2988	0	0		4.90362652340582	
2989	2989	0	0		1.4942974799686	
2990	2990	0	0.6		5.1136042386369	
2991	2991	0	0.8		12.5632336752551	
2992	2992	0	0.6		17.2566229324172	
2993	2993	0	1.4		23.6540278337664	
2994	2994	0	0.2		19.5926481303984	
2995	2995	0	0.2		14.0796486694611	
2996	2996	0	0.4		6.81839853586182	
2997	2997	0	3.6		36.0059860387272	
2998	2998	0	1		45.9818368334339	
2999	2999	0	0		36.472512456778	
3000	3000	0	0		7.47148739984301	
3001	3001	0	0		0	
3002	3002	0	0		0	
3003	3003	0	0		0	
3004	3004	0	0		0	
3005	3005	0	0		0	
3006	3006	0	0.2		1.7045347462123	
3007	3007	0	0		1.91503156346862	
3008	3008	0	0		1.4942974799686	
3009	3009	0	0.2		1.7045347462123	
3010	3010	0	0		1.91503156346862	
3011	3011	0	0.2		3.1988322261809	
3012	3012	0	0.4		5.32410105589322	
3013	3013	0	0		5.32436060690584	
3014	3014	0	0		2.98859495993721	
3015	3015	0	0		0	
3016	3016	0	0		0	
3017	3017	0	0		0	
3018	3018	0	0		0	
3019	3019	0	0		0	
3020	3020	0	0		0	
3021	3021	0	0		0	
3022	3022	0	0		0	
3023	3023	0	0		0	
3024	3024	0	0		0	
3025	3025	0	0		0	
3026	3026	0	0		0	
3027	3027	0	0		0	
3028	3028	0	0		0	
3029	3029	0	0		0	
3030	3030	0	0		0	
3031	3031	0	0		0	
3032	3032	0	0		0	
3033	3033	0	0		0	
3034	3034	0	0		0	
3035	3035	0	0		0	
3036	3036	0	0		0	
3037	3037	0	0		0	
3038	3038	0	0		0	
3039	3039	0	0		0	
3040	3040	0	0		0	
3041	3041	0	0		0	
3042	3042	0	0		0	
3043	3043	0	0		0	
3044	3044	0	0		0	
3045	3045	0	0		0	
3046	3046	0	0		0	
3047	3047	0	0		0	
3048	3048	0	0		0	
3049	3049	0	0		0	
3050	3050	0	0		0	
3051	3051	0	0		0	
3052	3052	0	0		0	
3053	3053	0	0		0	
3054	3054	0	0		0	
3055	3055	0	0		0	
3056	3056	0	0		0	
3057	3057	0	0		0	
3058	3058	0	0		0	
3059	3059	0	0		0	
3060	3060	0	0		0	
3061	3061	0	0		0	
3062	3062	0	0		0	
3063	3063	0	0		0	
3064	3064	0	0		0	
3065	3065	0	0		0	
3066	3066	0	0		0	
3067	3067	0	0		0	
3068	3068	0	0		0	
3069	3069	0	0		0	
3070	3070	0	0		0	
3071	3071	0	0		0	
3072	3072	0	0		0	
3073	3073	0	0		0	
3074	3074	0	0		0	
3075	3075	0	0		0	
3076	3076	0	0		0	
3077	3077	0	0		0	
3078	3078	0	0		0	
3079	3079	0	0		0	
3080	3080	0	0		0	
3081	3081	0	0		0	
3082	3082	0	0		0	
3083	3083	0	0		0	
3084	3084	0	0		0	
3085	3085	0	0		0	
3086	3086	0	0		0	
3087	3087	0	0		0	
3088	3088	0	0		0	
3089	3089	0	0		0	
3090	3090	0	0		0	
3091	3091	0	0		0	
3092	3092	0	0		0	
3093	3093	0	0		0	
3094	3094	0	0		0	
3095	3095	0	0		0	
3096	3096	0	0		0	
3097	3097	0	0		0	
3098	3098	0	0		0	
3099	3099	0	0		0	
3100	3100	0	0		0	
3101	3101	0	0		0	
3102	3102	0	0		0	
3103	3103	0	0		0	
3104	3104	0	0		0	
3105	3105	0	0		0	
3106	3106	0	0		0	
3107	3107	0	0		0	
3108	3108	0	0		0	
3109	3109	0	0		0	
3110	3110	0	0		0	
3111	3111	0	0		0	
3112	3112	0	0		0	
3113	3113	0	0		0	
3114	3114	0	0		0	
3115	3115	0	0		0	
3116	3116	0	0		0	
3117	3117	0	0		0	
3118	3118	0	0		0	
3119	3119	0	0		0	
3120	3120	0	0		0	
3121	3121	0	0		0	
3122	3122	0	0		0	
3123	3123	0	0		0	
3124	3124	0	0		0	
3125	3125	0	0		0	
3126	3126	0	0		0	
3127	3127	0	0		0	
3128	3128	0	0		0	
3129	3129	0	0		0	
3130	3130	0	0		0	
3131	3131	0	0		0	
3132	3132	0	0		0	
3133	3133	0	0		0	
3134	3134	0	0		0	
3135	3135	0	0		0	
3136	3136	0	0		0	
3137	3137	0	0		0	
3138	3138	0	0		0	
3139	3139	0	0		0	
3140	3140	0	0		0	
3141	3141	0	0		0	
3142	3142	0	0		0	
3143	3143	0	0		0	
3144	3144	0	0		0	
3145	3145	0	0		0	
3146	3146	0	0		0	
3147	3147	0	0		0	
3148	3148	0	0		0	
3149	3149	0	0		0	
3150	3150	0	0		0	
3151	3151	0	0		0	
3152	3152	0	0		0	
3153	3153	0	0		0	
3154	3154	0	0		0	
3155	3155	0	0		0	
3156	3156	0	0		0	
3157	3157	0	0		0	
3158	3158	0	0		0	
3159	3159	0	0		0	
3160	3160	0	0		0	
3161	3161	0	0		0	
3162	3162	0	0		0	
3163	3163	0	0		0	
3164	3164	0	0		0	
3165	3165	0	0		0	
3166	3166	0	0		0	
3167	3167	0	0		0	
3168	3168	0	0		0	
3169	3169	0	0		0	
3170	3170	0	0		0	
3171	3171	0	0		0	
3172	3172	0	0		0	
3173	3173	0	0		0	
3174	3174	0	0		0	
3175	3175	0	0		0	
3176	3176	0	0		0	
3177	3177	0	0		0	
3178	3178	0	0		0	
3179	3179	0	0		0	
3180	3180	0	0		0	
3181	3181	0	0		0	
3182	3182	0	0		0	
3183	3183	0	0		0	
3184	3184	0	0		0	
3185	3185	0	0		0	
3186	3186	0	0		0	
3187	3187	0	0		0	
3188	3188	0	0		0	
3189	3189	0	0		0	
3190	3190	0	0		0	
3191	3191	0	0		0	
3192	3192	0	0		0	
3193	3193	0	0		0	
3194	3194	0	0		0	
3195	3195	0	0		0	
3196	3196	0	0		0	
3197	3197	0	0		0	
3198	3198	0	0		0	
3199	3199	0	0		0	
3200	3200	0	0		0	
3201	3201	0	0		0	
3202	3202	0	0		0	
3203	3203	0	0		0	
3204	3204	0	0		0	
3205	3205	0	0		0	
3206	3206	0	0		0	
3207	3207	0	0		0	
3208	3208	0	0		0	
3209	3209	0	0		0	
3210	3210	0	0		0	
3211	3211	0	0		0	
3212	3212	0	0		0	
3213	3213	0	0		0	
3214	3214	0	0		0	
3215	3215	0	0		0	
3216	3216	0	0		0	
3217	3217	0	0		0	
3218	3218	0	0		0	
3219	3219	0	0		0	
3220	3220	0	0		0	
3221	3221	0	0		0	
3222	3222	0	0		0	
3223	3223	0	0		0	
3224	3224	0	0		0	
3225	3225	0	0		0	
3226	3226	0	0		0	
3227	3227	0	0		0	
3228	3228	0	0		0	
3229	3229	0	0		0	
3230	3230	0	0		0	
3231	3231	0	0		0	
3232	3232	0	0		0	
3233	3233	0	0		0	
3234	3234	0	0		0	
3235	3235	0	0		0	
3236	3236	0	0		0	
3237	3237	0	0		0	
3238	3238	0	0		0	
3239	3239	0	0		0	
3240	3240	0	0		0	
3241	3241	0	0		0	
3242	3242	0	0		0	
3243	3243	0	0		0	
3244	3244	0	0		0	
3245	3245	0	0		0	
3246	3246	0	0		0	
3247	3247	0	0		0	
3248	3248	0	0		0	
3249	3249	0	0		0	
3250	3250	0	0		0	
3251	3251	0	0		0	
3252	3252	0	0		0	
3253	3253	0	0		0	
3254	3254	0	0		0	
3255	3255	0	0		0	
3256	3256	0	0		0	
3257	3257	0	0		0	
3258	3258	0	0		0	
3259	3259	0	0		0	
3260	3260	0	0		0	
3261	3261	0	0		0	
3262	3262	0	0		0	
3263	3263	0	0		0	
3264	3264	0	0		0	
3265	3265	0	0		0	
3266	3266	0	0		0	
3267	3267	0	0		0	
3268	3268	0	0		0	
3269	3269	0	0		0	
3270	3270	0	0		0	
3271	3271	0	0		0	
3272	3272	0	0		0	
3273	3273	0	0		0	
3274	3274	0	0		0	
3275	3275	0	0		0	
3276	3276	0	0		0	
3277	3277	0	0		0	
3278	3278	0	0		0	
3279	3279	0	0		0	
3280	3280	0	0		0	
3281	3281	0	0		0	
3282	3282	0	6.6		56.2496466250059	
3283	3283	0	0.2		64.9005763406767	
3284	3284	0	1.4		63.1585916259186	
3285	3285	0	0.2		16.6040531704612	
3286	3286	0	0		12.3751139232488	
3287	3287	0	0		1.4942974799686	
3288	3288	0	3.6		30.6816254318214	
3289	3289	0	0		34.4705681424351	
3290	3290	0	0	346.9024	26.8973546394349	320.005045360565
3291	3291	1	0	243.7458	0	243.7458
3292	3292	1	0	311.9036	0	311.9036
3293	3293	1	0.6	88.7304	5.1136042386369	83.6167957613631
3294	3294	1	0.6	45.668	10.8586989290428	34.8093010709572
3295	3295	1	0	27.658875	10.2279871303117	17.4308878696883
3296	3296	1	0	33.5712	4.48289243990581	29.0883075600942
3297	3297	1	0	44.096	0	44.096
3298	3298	1	0.2	58.352	1.7045347462123	56.6474652537877
3299	3299	1	0	32.1492	1.91503156346862	30.2341684365314
3300	3300	1	0	24.2064	1.4942974799686	22.7121025200314
3301	3301	1	0	39.6144	0	39.6144
3302	3302	1	0	78.672	0	78.672
3303	3303	1	0	68.136	0	68.136
3304	3304	1	0	17.99	0	17.99
3305	3305	1	0.6	15.2976	5.1136042386369	10.1839957613631
3306	3306	1	0	15.8304	5.74509469040586	10.0853053095941
3307	3307	1	0	17.16	4.48289243990581	12.6771075600942
3308	3308	1	0	16.5312	0	16.5312
3309	3309	1	0	18.144	0	18.144
3310	3310	1	0	19.4256	0	19.4256
3311	3311	1	3.4	20.064	28.9770906856091	-8.91309068560909
3312	3312	1	0	23.2176	32.5555365789665	-9.33793657896652
3313	3313	1	0	21.0672	25.4030571594662	-4.33585715946625
3314	3314	1	0	0	0	0
3315	3315	1	0	0	0	0
3316	3316	1	0	0	0	0
3317	3317	1	0	0	0	0
3318	3318	1	0	0	0	0
3319	3319	1	2.2	0	18.7498822083353	-18.7498822083353
3320	3320	1	2.2	0	39.8152294064901	-39.8152294064901
3321	3321	1	4.2	22.6704	73.2978491482677	-50.6274491482677
3322	3322	1	0	24.3792	56.6529351124956	-32.2737351124956
3323	3323	1	1.4	26.0928	43.3119903028268	-17.2191903028268
3324	3324	1	0.2	0	15.1097556904926	-15.1097556904926
3325	3325	1	1.4	0	24.3068571467349	-24.3068571467349
3326	3326	1	2	0	31.9448658863719	-31.9448658863719
3327	3327	1	0.6	0	34.7240022331033	-34.7240022331033
3328	3328	1	0.8	0	27.5062084749411	-27.5062084749411
3329	3329	1	5.2	0	56.4609220953001	-56.4609220953001
3330	3330	1	3.2	0	83.0405665094553	-83.0405665094553
3331	3331	1	0.4	23.8188	72.9013089871062	-49.0825089871062
3332	3332	1	0	0	27.7388228064349	-27.7388228064349
3333	3333	1	0.2	0	4.69312970614951	-4.69312970614951
3334	3334	1	0.2	0	3.61956630968092	-3.61956630968092
3335	3335	1	0	0	3.40932904343722	-3.40932904343722
3336	3336	1	0	0	1.4942974799686	-1.4942974799686
3337	3337	1	0	0	0	0
3338	3338	1	8.2	0	69.8859245947043	-69.8859245947043
3339	3339	1	1.4	0	90.4480373256995	-90.4480373256995
3340	3340	1	0.4	0	78.0804871154176	-78.0804871154176
3341	3341	1	0	0	14.2901454867175	-14.2901454867175
3342	3342	1	0.2	0	4.69312970614951	-4.69312970614951
3343	3343	1	0.2	0	3.61956630968092	-3.61956630968092
3344	3344	1	0.4	0	6.81839853586182	-6.81839853586182
3345	3345	1	0.2	0	7.02889535311814	-7.02889535311814
3346	3346	0	0		4.90362652340582	
3347	3347	0	0		1.4942974799686	
3348	3348	0	0		0	
3349	3349	0	0		0	
3350	3350	0	0		0	
3351	3351	0	0		0	
3352	3352	0	0		0	
3353	3353	0	6.6		56.2496466250059	
3354	3354	0	0.8		70.0141805793136	
3355	3355	0	0.2		58.6764778390507	
3356	3356	0	0		7.89222148334303	
3357	3357	0	4.2		37.2895271504269	
3358	3358	0	0		40.215662832841	
3359	3359	0	0		31.3802470793407	
3360	3360	0	0		0	
3361	3361	0	2.2		18.7498822083353	
3362	3362	0	0		21.0653471981548	
3363	3363	0	3.4		45.4143629652637	
3364	3364	0	0		32.5555365789665	
3365	3365	0	0		25.4030571594662	
3366	3366	0	0.2		1.7045347462123	
3367	3367	0	0		1.91503156346862	
3368	3368	0	0		1.4942974799686	
3369	3369	0	0		0	
3370	3370	0	0		0	
3371	3371	0	0		0	
3372	3372	0	0		0	
3373	3373	0	0		0	
3374	3374	0	0		0	
3375	3375	0	0		0	
3376	3376	0	0		0	
3377	3377	0	0		0	
3378	3378	0	0		0	
3379	3379	0	0		0	
3380	3380	0	0		0	
3381	3381	0	0		0	
3382	3382	0	0		0	
3383	3383	0	0		0	
3384	3384	0	0		0	
3385	3385	0	0		0	
3386	3386	0	0		0	
3387	3387	0	0		0	
3388	3388	0	0		0	
3389	3389	0	0		0	
3390	3390	0	0		0	
3391	3391	0	0		0	
3392	3392	0	0		0	
3393	3393	0	0		0	
3394	3394	0	0		0	
3395	3395	0	0		0	
3396	3396	0	0		0	
3397	3397	0	0		0	
3398	3398	0	0		0	
3399	3399	0	0		0	
3400	3400	0	0		0	
3401	3401	0	0		0	
3402	3402	0	0		0	
3403	3403	0	0		0	
3404	3404	0	0		0	
3405	3405	0	0		0	
3406	3406	0	0		0	
3407	3407	0	0		0	
3408	3408	0	0		0	
3409	3409	0	0		0	
3410	3410	0	0		0	
3411	3411	0	0		0	
3412	3412	0	0		0	
3413	3413	0	0		0	
3414	3414	0	0		0	
3415	3415	0	0		0	
3416	3416	0	0		0	
3417	3417	0	0		0	
3418	3418	0	0		0	
3419	3419	0	0		0	
3420	3420	0	0		0	
3421	3421	0	0		0	
3422	3422	0	0		0	
3423	3423	0	0		0	
3424	3424	0	0		0	
3425	3425	0	0		0	
3426	3426	0	0		0	
3427	3427	0	0		0	
3428	3428	0	0		0	
3429	3429	0	0		0	
3430	3430	0	0		0	
3431	3431	0	0		0	
3432	3432	0	0		0	
3433	3433	0	0		0	
3434	3434	0	0		0	
3435	3435	0	0		0	
3436	3436	0	0		0	
3437	3437	0	0		0	
3438	3438	0	0		0	
3439	3439	0	0		0	
3440	3440	0	0		0	
3441	3441	0	0		0	
3442	3442	0	0		0	
3443	3443	0	0		0	
3444	3444	0	0		0	
3445	3445	0	0		0	
3446	3446	0	0		0	
3447	3447	0	0		0	
3448	3448	0	0		0	
3449	3449	0	0		0	
3450	3450	0	0		0	
3451	3451	0	0		0	
3452	3452	0	0		0	
3453	3453	0	0		0	
3454	3454	0	0		0	
3455	3455	0	0		0	
3456	3456	0	0		0	
3457	3457	0	0		0	
3458	3458	0	0		0	
3459	3459	0	0		0	
3460	3460	0	0		0	
3461	3461	0	0		0	
3462	3462	0	0		0	
3463	3463	0	0		0	
3464	3464	0	0		0	
3465	3465	0	0		0	
3466	3466	0	0		0	
3467	3467	0	0		0	
3468	3468	0	0		0	
3469	3469	0	0		0	
3470	3470	0	0		0	
3471	3471	0	0		0	
3472	3472	0	0		0	
3473	3473	0	0		0	
3474	3474	0	0		0	
3475	3475	0	0		0	
3476	3476	0	0		0	
3477	3477	0	0		0	
3478	3478	0	0		0	
3479	3479	0	0		0	
3480	3480	0	0		0	
3481	3481	0	0		0	
3482	3482	0	0		0	
3483	3483	0	0		0	
3484	3484	0	0		0	
3485	3485	0	0		0	
3486	3486	0	0		0	
3487	3487	0	0		0	
3488	3488	0	0		0	
3489	3489	0	0		0	
3490	3490	0	0		0	
3491	3491	0	0		0	
3492	3492	0	0		0	
3493	3493	0	0		0	
3494	3494	0	0		0	
3495	3495	0	0		0	
3496	3496	0	0		0	
3497	3497	0	0		0	
3498	3498	0	0		0	
3499	3499	0	0		0	
3500	3500	0	0		0	
3501	3501	0	0		0	
3502	3502	0	0		0	
3503	3503	0	0		0	
3504	3504	0	0		0	
3505	3505	0	0		0	
3506	3506	0	0		0	
3507	3507	0	0		0	
3508	3508	0	0		0	
3509	3509	0	0		0	
3510	3510	0	0		0	
3511	3511	0	0		0	
3512	3512	0	0		0	
3513	3513	0	0		0	
3514	3514	0	0		0	
3515	3515	0	0		0	
3516	3516	0	0		0	
3517	3517	0	0		0	
3518	3518	0	0		0	
3519	3519	0	0		0	
3520	3520	0	0		0	
3521	3521	0	0		0	
3522	3522	0	0		0	
3523	3523	0	0		0	
3524	3524	0	0		0	
3525	3525	0	0		0	
3526	3526	0	0		0	
3527	3527	0	0		0	
3528	3528	0	0		0	
3529	3529	0	0		0	
3530	3530	0	0		0	
3531	3531	0	0		0	
3532	3532	0	0		0	
3533	3533	0	0		0	
3534	3534	0	0		0	
3535	3535	0	0		0	
3536	3536	0	0		0	
3537	3537	0	0		0	
3538	3538	0	0		0	
3539	3539	0	0		0	
3540	3540	0	0		0	
3541	3541	0	0		0	
3542	3542	0	0		0	
3543	3543	0	0		0	
3544	3544	0	0		0	
3545	3545	0	0		0	
3546	3546	0	0		0	
3547	3547	0	0		0	
3548	3548	0	0		0	
3549	3549	0	0		0	
3550	3550	0	0		0	
3551	3551	0	0		0	
3552	3552	0	0		0	
3553	3553	0	0		0	
3554	3554	0	0		0	
3555	3555	0	0		0	
3556	3556	0	0		0	
3557	3557	0	0		0	
3558	3558	0	0		0	
3559	3559	0	0		0	
3560	3560	0	0		0	
3561	3561	0	0		0	
3562	3562	0	0		0	
3563	3563	0	0		0	
3564	3564	0	0		0	
3565	3565	0	0		0	
3566	3566	0	0		0	
3567	3567	0	0		0	
3568	3568	0	0		0	
3569	3569	0	0		0	
3570	3570	0	0		0	
3571	3571	0	0		0	
3572	3572	0	0		0	
3573	3573	0	0		0	
3574	3574	0	0		0	
3575	3575	0	0		0	
3576	3576	0	0		0	
3577	3577	0	0		0	
3578	3578	0	0		0	
3579	3579	0	0		0	
3580	3580	0	0		0	
3581	3581	0	0		0	
3582	3582	0	0		0	
3583	3583	0	0		0	
3584	3584	0	0		0	
3585	3585	0	0		0	
3586	3586	0	0		0	
3587	3587	0	0		0	
3588	3588	0	0		0	
3589	3589	0	0		0	
3590	3590	0	0		0	
3591	3591	0	0		0	
3592	3592	0	0		0	
3593	3593	0	0		0	
3594	3594	0	0		0	
3595	3595	0	0		0	
3596	3596	0	0		0	
3597	3597	0	0		0	
3598	3598	0	0		0	
3599	3599	0	0		0	
3600	3600	0	0		0	
3601	3601	0	0		0	
3602	3602	0	0		0	
3603	3603	0	0		0	
3604	3604	0	0		0	
3605	3605	0	0		0	
3606	3606	0	0		0	
3607	3607	0	0		0	
3608	3608	0	0		0	
3609	3609	0	0		0	
3610	3610	0	0		0	
3611	3611	0	0		0	
3612	3612	0	0		0	
3613	3613	0	0		0	
3614	3614	0	0		0	
3615	3615	0	0		0	
3616	3616	0	0		0	
3617	3617	0	0		0	
3618	3618	0	0		0	
3619	3619	0	0		0	
3620	3620	0	0		0	
3621	3621	0	0		0	
3622	3622	0	0		0	
3623	3623	0	0		0	
3624	3624	0	0		0	
3625	3625	0	0		0	
3626	3626	0	0		0	
3627	3627	0	0		0	
3628	3628	0	0		0	
3629	3629	0	0		0	
3630	3630	0	0		0	
3631	3631	0	0		0	
3632	3632	0	0		0	
3633	3633	0	0.2		1.7045347462123	
3634	3634	0	0		1.91503156346862	
3635	3635	0	0		1.4942974799686	
3636	3636	0	0		0	
3637	3637	0	0		0	
3638	3638	0	0		0	
3639	3639	0	0		0	
3640	3640	0	0		0	
3641	3641	0	0		0	
3642	3642	0	0		0	
3643	3643	0	0		0	
3644	3644	0	0		0	
3645	3645	0	0		0	
3646	3646	0	0		0	
3647	3647	0	0		0	
3648	3648	0	0		0	
3649	3649	0	0		0	
3650	3650	0	0		0	
3651	3651	0	0		0	
3652	3652	0	0		0	
3653	3653	0	0		0	
3654	3654	0	0		0	
3655	3655	0	0		0	
3656	3656	0	0		0	
3657	3657	0	0		0	
3658	3658	0	0		0	
3659	3659	0	0		0	
3660	3660	0	0		0	
3661	3661	0	0		0	
3662	3662	0	0		0	
3663	3663	0	0	0	0	0
3664	3664	1	0	3.583	0	3.583
3665	3665	1	0	27.0766	0	27.0766
3666	3666	1	0.2	104.8148	1.7045347462123	103.110265253788
3667	3667	1	1	204.5758	10.4377052945301	194.13809470547
3668	3668	1	0.2	192.1868	12.773990043524	179.412809956476
3669	3669	1	0	80.9116	9.38651896331163	71.5250810366884
3670	3670	1	0.6	62.8518	6.6079017186055	56.2438982813945
3671	3671	1	0	151.5348	5.74509469040586	145.789705309594
3672	3672	1	0	215.487	4.48289243990581	211.004107560094
3673	3673	1	0	218.3436	0	218.3436
3674	3674	1	0	269.0688	0	269.0688
3675	3675	1	0	197.847	0	197.847
3676	3676	1	0	130.131	0	130.131
3677	3677	1	0	105.764	0	105.764
3678	3678	1	0.4	91.5924	3.4090694924246	88.1833305075754
3679	3679	1	0.6	72.1848	8.94366736557414	63.2411326344259
3680	3680	1	0.4	77.2948	12.1427591427677	65.1520408572323
3681	3681	1	0	52.345	8.31295556684305	44.032044433157
3682	3682	1	0	32.3656	2.98859495993721	29.3770050400628
3683	3683	1	0	13.4558	0	13.4558
3684	3684	1	0	2.1228	0	2.1228
3685	3685	1	0.4	10.0224	3.4090694924246	6.6133305075754
3686	3686	1	0	21.679	3.83006312693724	17.8489368730628
3687	3687	1	1.4	13.4918	14.9203381834233	-1.4285381834233
3688	3688	1	0	7.4776	13.4052209442803	-5.92762094428033
3689	3689	1	0	5.0976	10.4600823597802	-5.36248235978022
3690	3690	1	0	0	0	0
3691	3691	1	0	0	0	0
3692	3692	1	0	0	0	0
3693	3693	1	2.2	0	18.7498822083353	-18.7498822083353
3694	3694	1	0	0	21.0653471981548	-21.0653471981548
3695	3695	1	0.6	0.8396	21.5508765182915	-20.7112765182915
3696	3696	1	2.6	5.467	27.9040463911658	-22.4370463911658
3697	3697	1	0.8	4.2552	36.1964417498471	-31.9412417498471
3698	3698	1	0.2	0	28.7905282396786	-28.7905282396786
3699	3699	1	0	0	7.89222148334303	-7.89222148334303
3700	3700	1	0	0	1.4942974799686	-1.4942974799686
3701	3701	1	1.6	0	13.6362779696984	-13.6362779696984
3702	3702	1	0	0	15.320252507749	-15.320252507749
3703	3703	1	0.4	0	15.3634493321734	-15.3634493321734
3704	3704	1	0	0	3.83006312693724	-3.83006312693724
3705	3705	1	0	0	2.98859495993721	-2.98859495993721
3706	3706	1	0	0	0	0
3707	3707	1	0.2	0	1.7045347462123	-1.7045347462123
3708	3708	1	0	0	1.91503156346862	-1.91503156346862
3709	3709	1	0	0	1.4942974799686	-1.4942974799686
3710	3710	1	0	0	0	0
3711	3711	1	1.2	0	10.2272084772738	-10.2272084772738
3712	3712	1	0	0	11.4901893808117	-11.4901893808117
