setbp_label	lwr_lagQ	upr_lagQ	mean_lagQ	knot	knot_pvol	tpeak	tpeak_se	knot_NRF_peakht	knot_NRF_peakht_se	width	width_se	rc	rc_se	knot_rsum	knot_rsum_se	n.nz
p=0.04|lagQ0-0.0336	0	0.0335907570422535	0.0208746783745034	0.04	0.4							0	0.223400613882029	0	0.00893602455528115	275
p=0.08|lagQ0-0.0336	0	0.0335907570422535	0.0208746783745034	0.08	0.8	86.0279801834152	4.7182937751797	0.00102790340971552	0.000282574731041706	53.4557940597351	16.1623750142995	0.689300087871282	0.140441112215287	0.0551440070297026	0.0112352889772229	176
p=0.155|lagQ0-0.0336	0	0.0335907570422535	0.0208746783745034	0.155	1.55	18.2039559884883	14.633225877023	0.00022933086985653	0.00030257369016746	20.765196260257	21.0754022434319	0.0381254109306113	0.077960846611795	0.00590943869424475	0.0120839312248282	123
p=0.33|lagQ0-0.0336	0	0.0335907570422535	0.0208746783745034	0.33	3.3	53.7770444196704	15.805796236775	0.000749146398795899	0.00018519499948669			0.176852396738641	0.0310588779202264	0.0583612909237516	0.0102494297136747	86
p=2.75|lagQ0-0.0336	0	0.0335907570422535	0.0208746783745034	2.75	27.5	24.1596340779667	1.54692877318826	0.0179060689065585	0.00159178214949667	39.4555064576102	3.59327927273116	0.316304020763069	0.0162476105097512	0.869836057098441	0.0446809289018159	44
p=0.125|lagQ0.0336-0.0989	0.0335907570422535	0.098874823943662	0.058292353137632	0.125	1.25	37.2024051991986	6.19222286035567	0.00146777280876893	0.000152648966805191	98.0860590719618	12.9456208991612	1.03346167756416	0.0680918428359176	0.12918270969552	0.0085114803544897	359
p=0.25|lagQ0.0336-0.0989	0.0335907570422535	0.098874823943662	0.058292353137632	0.25	2.5	15.6004738348176	1.87948675022347	0.00200212098950284	0.000324517905210869	48.9852465238612	16.9694931971247	0.499918869709475	0.0580933855679053	0.124979717427369	0.0145233463919763	174
p=0.395|lagQ0.0336-0.0989	0.0335907570422535	0.098874823943662	0.058292353137632	0.395	3.95	26.9639986592977	3.28243958480655	0.00265538815069652	0.000330014144172385	84.7398956055629	29.9947810522267	0.508420996267447	0.0339041874089969	0.200826293525642	0.0133921540265538	121
p=0.6725|lagQ0.0336-0.0989	0.0335907570422535	0.098874823943662	0.058292353137632	0.6725	6.725	26.6063998835934	1.38398618550176	0.0059636688049561	0.000368993527015621	46.629977107698	3.47971590039937	0.44118335507838	0.0171533234471157	0.296695806290211	0.0115356100181853	83
p=2.97|lagQ0.0336-0.0989	0.0335907570422535	0.098874823943662	0.058292353137632	2.97	29.7	16.0434394079487	2.32657014568922	0.0149289871885492	0.00248440702160422	39.8050768468689	9.2200401626054	0.264774134935208	0.0165286334731731	0.786379180757569	0.0490900414153242	40
p=0.04|lagQ0.0989-1.08	0.098874823943662	1.07949395774648	0.178106392493936	0.04	0.4	44.4693617683202	7.93016178847671	0.000861031419656329	0.000316479647308687	61.2437534210121	8.43340186406533	1.61567801889085	0.320792984840409	0.0646271207556341	0.0128317193936164	244
p=0.09|lagQ0.0989-1.08	0.098874823943662	1.07949395774648	0.178106392493936	0.09	0.9	6.02348350087901	0.449897359113872	0.00253384683749051	0.000439543857296144	36.4815243355869	9.70762157641041	0.84100443578978	0.183894794219995	0.0756903992210802	0.0165505314797995	152
p=0.185|lagQ0.0989-1.08	0.098874823943662	1.07949395774648	0.178106392493936	0.185	1.85	38.0745746116545	16.3303156209521	0.00164146869596483	0.00030195241350046	105.078046944272	10.3498010675629	0.773898156039437	0.0908715083207043	0.143171158867296	0.0168112290393303	118
p=0.3775|lagQ0.0989-1.08	0.098874823943662	1.07949395774648	0.178106392493936	0.3775	3.775	19.5649428621355	2.16153806042416	0.0047986664145849	0.000366088729052965	47.1324051063784	6.58936150953462	0.710763793300665	0.0436362608409956	0.268313331971001	0.0164726884674758	80
p=1.25|lagQ0.0989-1.08	0.098874823943662	1.07949395774648	0.178106392493936	1.25	12.5	18.2965557991928	1.8065416918649	0.0204204333712184	0.00303968876962007	35.4135345221358	4.70452503610839	0.699994655647381	0.02972200609047	0.874993319559227	0.0371525076130874	40
