lagtime	NRF_p<0.04|lagQ0-0.0336	NRF_p=0.04-0.08|lagQ0-0.0336	NRF_p=0.08-0.155|lagQ0-0.0336	NRF_p=0.155-0.33|lagQ0-0.0336	NRF_p>0.33|lagQ0-0.0336	NRF_p<0.125|lagQ0.0336-0.0989	NRF_p=0.125-0.25|lagQ0.0336-0.0989	NRF_p=0.25-0.395|lagQ0.0336-0.0989	NRF_p=0.395-0.6725|lagQ0.0336-0.0989	NRF_p>0.6725|lagQ0.0336-0.0989	NRF_p<0.04|lagQ0.0989-1.08	NRF_p=0.04-0.09|lagQ0.0989-1.08	NRF_p=0.09-0.185|lagQ0.0989-1.08	NRF_p=0.185-0.3775|lagQ0.0989-1.08	NRF_p>0.3775|lagQ0.0989-1.08	se_p<0.04|lagQ0-0.0336	se_p=0.04-0.08|lagQ0-0.0336	se_p=0.08-0.155|lagQ0-0.0336	se_p=0.155-0.33|lagQ0-0.0336	se_p>0.33|lagQ0-0.0336	se_p<0.125|lagQ0.0336-0.0989	se_p=0.125-0.25|lagQ0.0336-0.0989	se_p=0.25-0.395|lagQ0.0336-0.0989	se_p=0.395-0.6725|lagQ0.0336-0.0989	se_p>0.6725|lagQ0.0336-0.0989	se_p<0.04|lagQ0.0989-1.08	se_p=0.04-0.09|lagQ0.0989-1.08	se_p=0.09-0.185|lagQ0.0989-1.08	se_p=0.185-0.3775|lagQ0.0989-1.08	se_p>0.3775|lagQ0.0989-1.08
3.33333333333333	-0.000264817378761091	-0.000118588226777739	3.51581148432092e-06	-0.000320210181660636	0.000719155752665867	0.000451722792100771	0.000985013585360756	0.00122057655461314	0.000766035342457624	0.00211563967518159	0.00041474958390622	0.00141956206474883	0.00142426297418778	0.0022920908231016	0.00501225984452031	0.000179140240558728	0.000221742090788301	0.000238858901926004	0.00022431686300644	0.000324274270805036	0.000164241464678573	0.000236670279981532	0.000255994350876872	0.000244561047435881	0.000350524254888552	0.000266064787424867	0.000339158549075903	0.000344465625752428	0.000335302567499644	0.000436370353281047
10	-0.000218661195999429	-3.58907021274749e-06	0.00019874432247592	1.08113937809845e-06	0.00323122182580888	0.000620525515881616	0.00149182526817073	0.00226842976258984	0.00304346010779341	0.00638364216137883	0.000358955628485512	0.00104877020239595	0.00126606992437485	0.00297359843739738	0.0102538633616596	0.000129735200706287	0.000153640503618913	0.000168276883366051	0.00015293668661841	0.000245135703596724	0.000115425290899335	0.000167705643527931	0.000183791438340223	0.000174944329763918	0.000272560646010833	0.000194148249073795	0.000238105483721447	0.000249586487640646	0.000233548776967487	0.000305364713134254
20	-0.000270437068746562	-1.5996330502585e-05	0.000246348546848395	0.000250037255225029	0.00542758458904004	0.000760264246861665	0.00159866524112397	0.00230586486251611	0.00403789442868533	0.00744171130610811	0.00029048373117848	0.000731280218033079	0.0012006170817471	0.00330492547359607	0.0100436856627015	0.000145448051249852	0.000175087607463911	0.0001906809028467	0.000173853053172599	0.000309963836746903	0.000131140350366139	0.000190919547001438	0.000212331335469857	0.00020192261771159	0.000326779628434871	0.000219540906919466	0.000264486101949428	0.000284553218841058	0.000269610078687251	0.000343166067460247
30	-0.000172516675714931	-8.80502409753816e-05	7.84075075906795e-05	0.000389872408616965	0.00493085022235665	0.000836396907612468	0.00118422289283495	0.0018070276899851	0.00385033939719267	0.0064342709972474	0.000396454332524789	0.000990458959874901	0.00145147299693389	0.00300386152192672	0.00785928054121727	0.000154277069447932	0.000186330876426571	0.00020054516199554	0.000184090141140526	0.000355194462646039	0.00013973774974207	0.00020485811968019	0.000230302970678708	0.000217833488852386	0.000345705133144512	0.000232468298624021	0.000275784418807447	0.000294517750558073	0.000281998174233269	0.000358594069698304
40	-0.000159129958704017	-2.99374213765955e-05	4.15090337457836e-05	0.000415132402230733	0.00361798747541088	0.000816107167022534	0.00117778648558073	0.0016504685732693	0.00323853642438356	0.00527782439804012	0.000490166404016668	0.000936024976489862	0.00129342296965541	0.00238518207527138	0.00537282966108605	0.000161100220922245	0.000194438099965842	0.000207906319005796	0.000190295407759394	0.000372329601764138	0.00014437893440423	0.000212962979175023	0.000241773327057362	0.0002276236196675	0.000351738950720464	0.000240005798764995	0.000279522783060117	0.000296957303542448	0.000293282129801194	0.000365416437631637
50	-0.000150885226674546	0.00013520532182987	0.000238358342079297	0.000473634965160474	0.00274821272290001	0.000785076769422247	0.00122029480029291	0.00146982156973406	0.00231712150338407	0.00395342969289148	0.000539653132180273	0.000667392641290339	0.00105632839403831	0.00192575229033549	0.00373812369730319	0.000165410627391629	0.000200611193181117	0.000213627096973015	0.000193627195764826	0.000373661354211264	0.000147976278689958	0.000218793590172437	0.000247797701348409	0.000234565747741328	0.00035688786431637	0.000244843479114322	0.000280219460989938	0.000297951339485623	0.000297789583379335	0.000362111246880189
60	-0.000235918008505133	0.000119173126920669	0.000194025172851621	0.00035097337914914	0.00200715249599437	0.000696227910272473	0.00104778175938828	0.0012835955303662	0.00191537540776194	0.00309694652226235	0.000355373228078559	0.000330194253626324	0.000735474866249207	0.00167129259040815	0.00288415261090149	0.000168522192481999	0.000204892223062097	0.000216880948604648	0.000196547951497576	0.000369880574495838	0.000148488404554144	0.000223907392689196	0.00025116440175779	0.000240094594092443	0.000358185464371534	0.000246666397852732	0.000280887007613013	0.000299619787659387	0.000293536391214506	0.000350620126664174
70	-0.00031522274031115	0.000141895796445419	0.000151303832878725	0.000338774454544428	0.00160604691700763	0.000669369158081583	0.000930397754123008	0.00103145894270943	0.00149617507593058	0.00230886922105352	0.000104675551476773	4.72969173180525e-05	0.000512841891235924	0.00128737041424961	0.00220362974917582	0.000170700489440192	0.000206671194806918	0.000219387347935835	0.000198200596692454	0.000365599794648971	0.00014937851066583	0.000227429873259728	0.000253058317399826	0.000244226206166507	0.000355707383168072	0.000247168895853461	0.000280486722365892	0.000299070554075002	0.000287488306345364	0.000339135760176054
80	-0.000351014865136258	0.000343738538645928	0.000275080555328364	0.000260296033763003	0.00161930266641114	0.000645940087985701	0.000981058619222386	0.00107325775296572	0.00133413161816339	0.00184537735975769	9.81323542109532e-05	0.000273891517113883	0.000595939840473747	0.00114642321690513	0.00197345692214425	0.000171546823102947	0.000207085110913249	0.00022128829161621	0.000198451196783664	0.000357882316415181	0.000149718776508796	0.000229729028194484	0.000254882184561666	0.000246397988472455	0.000350908981814531	0.000244461334252101	0.000280369972390172	0.000297681127492542	0.000283430786346202	0.000332731057689296
90	-0.000361949416542044	0.000359364808706376	0.000209609779819279	2.27709223592935e-05	0.00134142677460132	0.000441631525611428	0.000842783821372547	0.0012918361814226	0.00119936567350487	0.00131572272379715	0.000207180828477609	0.00032974796753268	0.000648656029112389	0.00116040840617894	0.00205927102453356	0.000171779017572033	0.00020768807602505	0.000222466013726644	0.000197904985770323	0.00035346440621307	0.00014971038360992	0.000230881904612564	0.000258117239978765	0.000250668873703792	0.000347961723419189	0.000241597188386156	0.00027895273160557	0.000296240608348282	0.000285657000162198	0.000329036479540231
100	-0.000316198099158598	0.000204031949985988	-3.6230455465529e-05	4.82827469106351e-06	0.00105991095083379	0.000403083753718717	0.000777735497023624	0.00115383633502086	0.00094148577753784	0.00105402522750179	0.000463622330204575	0.000362673763715301	0.00060523715567024	0.000879861045464416	0.00175859134742211	0.000171996010713087	0.0002081319374137	0.000223377270990979	0.000198100555709882	0.000352774928701529	0.000150141352694378	0.000231113741948683	0.000259664579231863	0.000252781091615664	0.000345792445100731	0.000238545784041605	0.000278128845282505	0.000296086077764106	0.000287237272319872	0.000326492114637571
110	-0.000341281193541829	0.000136680584248083	-0.000111665655154927	5.01936256872808e-05	0.000864706313824361	0.000392576431492356	0.000811817164597314	0.000956725290062591	0.000749245855852348	0.00108693546018929	0.000365398609489586	0.000381185434454325	0.00055976416432566	0.000499152922396645	0.000908037280240386	0.000172033370760721	0.000208822056212657	0.000223860851179177	0.000198114985767964	0.000354289583020813	0.000148836943066383	0.000231461010894158	0.000259020513698597	0.000252577219594498	0.00034633067692328	0.000235632352625065	0.000277553020402343	0.000294798310611144	0.00028563554038617	0.000321783441885514
120	-0.000341135727876985	-6.93279237086153e-05	-0.000305571776857539	-0.000103304096024329	0.000709022526209316	0.000330254766892322	0.000795722434073048	0.00076749505363441	0.000562378169913662	0.00104637943761671	0.00035806444085755	0.000820822801625812	0.000767188502740236	0.000436691068223909	0.000986819929742172	0.000172571834209783	0.000210494851818453	0.00022561587242105	0.000197672267502771	0.000354677842024768	0.00014796187062906	0.000231339726550624	0.000255793677166163	0.000249256437471759	0.000346306505015094	0.000232792203683435	0.00027361270089917	0.000292933110480148	0.000283814760115258	0.000315326299113159
