setwm_label	lwr_lagQ	upr_lagQ	mean_lagQ	wtd_meanp	pvol	tpeak	tpeak_se	NRF_peakht	NRF_peakht_se	width	width_se	rc	rc_se	rsum	rsum_se	n.nz
p<0.04|lagQ0-0.0336	0	0.0335907570422535	0.0208746783745034	0.0245615866388309	0.245615866388309							0	0.223400613882029	0	0.00548707353303146	275
p=0.04-0.08|lagQ0-0.0336	0	0.0335907570422535	0.0208746783745034	0.0638455988455989	0.638455988455989	86.131290772165	5.35782912095	0.000375017948866096	0.000165318350092976	32.948799659061	17.5134243542496	0.225558245645871	0.103992633950752	0.0144009012678233	0.0066394719901169	176
p=0.08-0.155|lagQ0-0.0336	0	0.0335907570422535	0.0208746783745034	0.121931818181818	1.21931818181818	81.5404681057731	9.3617903884877	0.000277326016619335	0.000217176034112128	48.0531443709738	12.459429594149	0.131386619957179	0.0583234276354034	0.0160202094561424	0.00711148157418044	123
p=0.155-0.33|lagQ0-0.0336	0	0.0335907570422535	0.0208746783745034	0.256811166591012	2.56811166591012	44.0659683432278	10.4279452342532	0.000451987122365596	0.000129057126362459	56.9395197003417	10.8110892892297	0.0995834684627246	0.0249747008597078	0.0255741467090916	0.00641378206304312	86
p>0.33|lagQ0-0.0336	0	0.0335907570422535	0.0208746783745034	1.0172645040549	10.172645040549	25.3781817840992	1.35686331833077	0.00539979873649024	0.000424376237931113	41.3341144050134	4.05579622399046	0.281440618526816	0.0115204210443481	0.286299551226585	0.0117193154001824	44
p<0.125|lagQ0.0336-0.0989	0.0335907570422535	0.098874823943662	0.058292353137632	0.0711663286004057	0.711663286004057	37.2024051991986	6.19222286035566	0.000835648016156719	8.69077322573649e-05	98.0860590719618	12.9456208991612	1.03346167756416	0.0680918428359176	0.0735476733414573	0.0048458464622681	359
p=0.125-0.25|lagQ0.0336-0.0989	0.0335907570422535	0.098874823943662	0.058292353137632	0.188101234567901	1.88101234567901	17.7263067473276	1.70739508236935	0.00164226742845196	0.000174623452292965			0.67549263022862	0.0388301340167663	0.127060997687522	0.00730399614699079	174
p=0.25-0.395|lagQ0.0336-0.0989	0.0335907570422535	0.098874823943662	0.058292353137632	0.334314374756525	3.34314374756525	18.3747453589865	1.70443554617289	0.00245639532231893	0.00027201598671699	77.1617989950711	27.2937943846768	0.505760085248541	0.0244366229700913	0.169082866676673	0.00816951432940701	121
p=0.395-0.6725|lagQ0.0336-0.0989	0.0335907570422535	0.098874823943662	0.058292353137632	0.516498127340824	5.16498127340824	26.2959480883326	1.80103145181641	0.00394717099541207	0.000199398890357114	51.9582079481381	3.43819253684649	0.470090662285304	0.0151874474113183	0.242800946750767	0.00784428814703316	83
p>0.6725|lagQ0.0336-0.0989	0.0335907570422535	0.098874823943662	0.058292353137632	1.19076845835794	11.9076845835794	24.2976147285627	1.93437328052228	0.0076106856043055	0.000806031211077891	48.5284915648334	4.68575580200067	0.341928978556786	0.00967853278785667	0.407158242663971	0.0115248915669629	40
p<0.04|lagQ0.0989-1.08	0.098874823943662	1.07949395774648	0.178106392493936	0.0247368421052632	0.247368421052632	44.4693617683202	7.93016178847671	0.00053247995689273	0.000195717676625109	61.2437534210121	8.43340186406533	1.61567801889085	0.320792984840409	0.0399667720462474	0.00793540541447328	244
p=0.04-0.09|lagQ0.0989-1.08	0.098874823943662	1.07949395774648	0.178106392493936	0.067578125	0.67578125	6.08909413315759	0.418773064237225	0.00178521407186493	0.000274489701528722	46.1794728755081	7.18355566063266	1.04239563487436	0.137059949475728	0.0704431425129936	0.00926225439816444	152
p=0.09-0.185|lagQ0.0989-1.08	0.098874823943662	1.07949395774648	0.178106392493936	0.136010638297872	1.36010638297872	14.8345681524401	43.9098938102644	0.0013547094848844	0.000181639626049719	59.8646792859068	7.34422487245875	0.794830428965597	0.0723827859573595	0.108105393982183	0.00984482891983873	118
p=0.185-0.3775|lagQ0.0989-1.08	0.098874823943662	1.07949395774648	0.178106392493936	0.289439569206223	2.89439569206223	21.6921561161565	1.80873733621371	0.00328519605660908	0.000218126577408016	57.2457211882997	5.51547556694059	0.729223708358556	0.032919512102562	0.211066196002265	0.00952820940144458	80
p>0.3775|lagQ0.0989-1.08	0.098874823943662	1.07949395774648	0.178106392493936	0.715669998149177	7.15669998149177	18.3170875779788	1.59040862032986	0.0109222436549375	0.00121135747710371	38.0881787136032	3.43135207193492	0.703473453529891	0.0160249862521072	0.503454845185732	0.0114686018813861	40
